%YAML:1.0
---
type: IMU
name: gazebo_crane_imu_23_6_12
Gyr:
   unit: " rad/s"
   avg-axis:
      gyr_n: 3.5661147897572765e-12
      gyr_w: 1.5938868378471065e-13
   x-axis:
      gyr_n: 3.7364372083156365e-14
      gyr_w: 1.4392033254471861e-15
   y-axis:
      gyr_n: 1.0622467062445406e-11
      gyr_w: 4.7500444678851241e-13
   z-axis:
      gyr_n: 3.8512934743267768e-14
      gyr_w: 1.7224012401723499e-15
Acc:
   unit: " m/s^2"
   avg-axis:
      acc_n: 9.9000926398000990e-10
      acc_w: 4.4223043386888996e-11
   x-axis:
      acc_n: 2.1741668815665530e-09
      acc_w: 9.7230303460981975e-11
   y-axis:
      acc_n: 2.0915323086724643e-12
      acc_w: 4.3842556484243560e-15
   z-axis:
      acc_n: 7.9376937806480400e-10
      acc_w: 3.5434442444036594e-11
