%YAML:1.0
---
type: IMU
name: gazebo_crane_imu
Gyr:
   unit: " rad/s"
   avg-axis:
      gyr_n: 1.1401644110295258e-05
      gyr_w: 3.1150547148011758e-08
   x-axis:
      gyr_n: 3.5817422766958952e-07
      gyr_w: 1.0226413788699483e-09
   y-axis:
      gyr_n: 3.2347453902409183e-05
      gyr_w: 8.7319290928556807e-08
   z-axis:
      gyr_n: 1.4993042008070009e-06
      gyr_w: 5.1097091366085190e-09
Acc:
   unit: " m/s^2"
   avg-axis:
      acc_n: 3.7268093497437538e-01
      acc_w: 8.1789490782556548e-04
   x-axis:
      acc_n: 1.1110195702225190e+00
      acc_w: 2.4265260477496142e-03
   y-axis:
      acc_n: 6.6682835322021058e-03
      acc_w: 2.5945461261345559e-05
   z-axis:
      acc_n: 3.5495116840510372e-04
      acc_w: 1.2132144657365802e-06
