%YAML:1.0
---
type: IMU
name: gazebo_crane_imu_22_8_13
Gyr:
   unit: " rad/s"
   avg-axis:
      gyr_n: 1.9599490279371914e-05
      gyr_w: 5.1111766444292107e-08
   x-axis:
      gyr_n: 4.0707177637506988e-08
      gyr_w: 1.0019849310638736e-10
   y-axis:
      gyr_n: 5.8615705176708666e-05
      gyr_w: 1.5290984861908531e-07
   z-axis:
      gyr_n: 1.4205848376957138e-07
      gyr_w: 3.2525222068463134e-10
Acc:
   unit: " m/s^2"
   avg-axis:
      acc_n: 7.4374133678595022e-01
      acc_w: 1.5626397247051713e-03
   x-axis:
      acc_n: 4.2624220819501149e-04
      acc_w: 1.0863376052539155e-06
   y-axis:
      acc_n: 5.3104123672120442e-03
      acc_w: 1.0975610773581197e-05
   z-axis:
      acc_n: 2.2254873557824437e+00
      acc_w: 4.6758572257366788e-03
