%YAML:1.0
---
type: IMU
name: optor_imu_23_2_4
Gyr:
   unit: " rad/s"
   avg-axis:
      gyr_n: 1.2840321559479945e-02
      gyr_w: 1.4646659275537142e-04
   x-axis:
      gyr_n: 4.5925161319313795e-03
      gyr_w: 5.9403381433111489e-05
   y-axis:
      gyr_n: 1.9827466815025636e-02
      gyr_w: 2.0709202188833804e-04
   z-axis:
      gyr_n: 1.4100981731482824e-02
      gyr_w: 1.7290437494466471e-04
Acc:
   unit: " m/s^2"
   avg-axis:
      acc_n: 3.2588720961920065e-01
      acc_w: 2.2869259200268854e-03
   x-axis:
      acc_n: 3.1372359213274997e-01
      acc_w: 7.8836405049254716e-04
   y-axis:
      acc_n: 3.5856132661627754e-01
      acc_w: 1.5296393600293552e-03
   z-axis:
      acc_n: 3.0537671010857431e-01
      acc_w: 4.5427743495587538e-03
