%YAML:1.0
---
type: IMU
name: xsens
Gyr:
   unit: " rad/s"
   avg-axis:
      gyr_n: 2.0704939712453958e-03
      gyr_w: 3.2249280657800008e-05
   x-axis:
      gyr_n: 2.1814044494918331e-03
      gyr_w: 3.6031933551578761e-05
   y-axis:
      gyr_n: 2.1567909743169678e-03
      gyr_w: 3.3923669148334473e-05
   z-axis:
      gyr_n: 1.8732864899273867e-03
      gyr_w: 2.6792239273486794e-05
Acc:
   unit: " m/s^2"
   avg-axis:
      acc_n: 9.2497467251264221e-03
      acc_w: 1.2877284429016760e-04
   x-axis:
      acc_n: 1.0097033876108040e-02
      acc_w: 1.0602718618339561e-04
   y-axis:
      acc_n: 9.6439622292432588e-03
      acc_w: 1.2934252701643362e-04
   z-axis:
      acc_n: 8.0082440700279655e-03
      acc_w: 1.5094881967067352e-04
