cam0:
  T_cam_imu:
  - [0.9987834714115611, -0.014719393206558818, 0.0470629015117125, 0.0008037305991609316]
  - [0.013477839123296172, 0.9995555578407052, 0.026590123021948523, -0.0011589688757341857]
  - [-0.047433375250312805, -0.025923469161871836, 0.9985379555424899, -0.016961538805706798]
  - [0.0, 0.0, 0.0, 1.0]
  cam_overlaps: []
  camera_model: pinhole
  distortion_coeffs: [-0.4056029974955945, 0.15310487535224113, -0.0006886532267972795, -0.0004232687025758541]
  distortion_model: radtan
  intrinsics: [459.5308873546033, 459.99193670838787, 394.7660495536289, 247.4833916976106]
  resolution: [752, 480]
  rostopic: /camera/left/image_raw
  timeshift_cam_imu: 0.01704491945282673
