%YAML:1.0
---
extrinsicRotation: !!opencv-matrix
   rows: 3
   cols: 3
   dt: d
   data: [ 3.0367508206957661e-03, 9.9996743244088915e-01,
       7.4774462237637736e-03, -9.9918493796865460e-01,
       2.7332185660209340e-03, 4.0273927705736373e-02,
       4.0252178587369958e-02, -7.5936535242683983e-03,
       9.9916069705784760e-01 ]
extrinsicTranslation: !!opencv-matrix
   rows: 3
   cols: 1
   dt: d
   data: [ -1.1233922948415123e-03, 2.2614636161920318e-02,
       2.8513398192787757e-02 ]
