###### Camera Calibration File For Cam 0 of Euroc Datasets ######
image_width: 848
image_height: 800
camera_name: camera
camera_matrix:
  rows: 3
  cols: 3
  data: [285.521087646484, 0, 427.286010742188, 0, 285.586303710938, 388.918914794922, 0, 0, 1 ]
distortion_model: KANNALA_BRANDT
distortion_coefficients:
  rows: 1
  cols: 5
  data:  [0, -0.0123622203245759,  	0.0516598783433437,  	-0.0478819496929646,  	0.00937241967767477]


# fx = mu
# fy = mv
# cx = u0
# cy = v0
# fx  0   cx
# 0   fy  cy
# 0   0   1

###### Original Calibration File ######
## General sensor definitions.
#sensor_type: camera
#comment: VI-Sensor cam0 (MT9M034)
#
## Sensor extrinsics wrt. the body-frame.
# T_BS:
#  cols: 4
#  rows: 4
#  data: [ -0.999955,     -0.00442284,      0.00839241, 0.0106995217502117, 
#             0.00445396,   -0.999983,        0.00369317, -4.76573259220459e-05,
#             0.00837594,    0.00373039,       0.999958, -8.9622539235279e-05,
#            0, 0, 0, 1]
#
## Camera specific definitions.
#rate_hz: 20
#resolution: [752, 480]
#camera_model: pinhole
#intrinsics: [458.654, 457.296, 367.215, 248.375] #fu, fv, cu, cv
#distortion_model: radial-tangential
#distortion_coefficients: [-0.28340811, 0.07395907, 0.00019359, 1.76187114e-05]


