1.000000000000000000e+00 0.000000000000000000e+00 0.000000000000000000e+00 0.000000000000000000e+00 0.000000000000000000e+00 1.000000000000000000e+00 0.000000000000000000e+00 0.000000000000000000e+00 0.000000000000000000e+00 0.000000000000000000e+00 1.000000000000000000e+00 0.000000000000000000e+00
9.999999673996553540e-01 1.841573580689087576e-04 -1.768806256886847831e-04 1.965113351132298514e-01 -1.841771568643790389e-04 9.999999767759716329e-01 -1.119233269903358691e-04 -1.658703006944443426e-05 1.768600100765992881e-04 1.119559007123405766e-04 9.999999780932062876e-01 1.135192166579920836e-02
9.999999767307470311e-01 1.384172373349558600e-04 -1.654665340161981144e-04 2.537319870780935238e-02 -1.384014663075783171e-04 9.999999858795523000e-01 9.532014105864793226e-05 -2.823737011013853233e-04 1.654797256303243067e-04 -9.529723802968678725e-05 9.999999817674481983e-01 4.015055861214238825e-03
9.999998305766453210e-01 -2.744192687228502628e-04 5.133621973849945884e-04 -6.270646236668639961e-01 2.744855442638051792e-04 9.999999540038344570e-01 -1.290349372523496359e-04 -1.140033012400864729e-02 -5.133267640991815350e-04 1.291758258929713717e-04 9.999998599046098224e-01 -3.084583420075500890e-02
9.999996933079172701e-01 -6.400143571117607915e-04 4.514041361545938691e-04 -1.042438603291607535e+00 6.399961805055456128e-04 9.999997943859346705e-01 4.041011271707710780e-05 -1.258114957140015616e-02 -4.514299063918657956e-04 -4.012120340061213307e-05 9.999998973006590797e-01 -2.860667782842692825e-02
9.999997755229269591e-01 -5.537804653108170314e-04 3.772019247166875228e-04 -1.434582671442446333e+00 5.537059265279110735e-04 9.999998271650729631e-01 1.976855357816211791e-04 -2.133974392407939069e-02 -3.773113339110107864e-04 -1.974766324645373713e-04 9.999999093195643951e-01 -2.311379930723147028e-02
9.999998813996580083e-01 -3.770009383101348877e-04 3.083357949078750597e-04 -1.394535689045604876e+00 3.769431311090092550e-04 9.999999113754438618e-01 1.875179467449872035e-04 -2.807894950317762345e-02 -3.084064620236249806e-04 -1.874016994453290381e-04 9.999999348830265200e-01 -1.281026887376971596e-02
9.999997690787305604e-01 -4.715742457606791633e-04 4.893467240869425186e-04 -1.545408485129897480e+00 4.716016104381459814e-04 9.999998872387461102e-01 -5.580695360430995154e-05 -3.115940341435509062e-02 -4.893203517855382106e-04 5.603771742043941334e-05 9.999998787126763711e-01 -2.631921301951384989e-02
9.999998154492717450e-01 -5.478456506423615320e-04 2.626148616527961954e-04 -1.451900844110027178e+00 5.478156786746855682e-04 9.999998434296051286e-01 1.141873344862846812e-04 -2.779485690839794687e-02 -2.626773775696403810e-04 -1.140434488742625674e-04 9.999999589973427305e-01 -1.870818421101820908e-02
9.999998383232882038e-01 -4.811943606903397929e-04 3.029940340019668301e-04 -1.308073761861284767e+00 4.812872553270513328e-04 9.999998371823290988e-01 -3.065907585332435718e-04 -2.037444896045310927e-02 -3.028464549251379864e-04 3.067365361316631519e-04 9.999999070983567329e-01 -1.808115259202856123e-02
9.999998756291271773e-01 -4.946136555589622334e-04 6.402391713081223307e-05 -1.382683240714608353e+00 4.946106065864576407e-04 9.999998765458828487e-01 4.762947507698413462e-05 -3.402965544965665112e-02 -6.404746741557626076e-05 -4.759780224477663720e-05 9.999999968161855657e-01 -6.327136831196102096e-03
9.999998195175311411e-01 -6.005769492914877746e-04 1.649948713830483180e-05 -1.163246830571742718e+00 6.005752985878024886e-04 9.999998146677089306e-01 9.986920696990933923e-05 -2.655583440850163568e-02 -1.655946322406722648e-05 -9.985927976085367771e-05 9.999999948769542346e-01 -7.430774457852179146e-03
9.999998055071323000e-01 -6.145626594546325320e-04 1.062940971735779094e-04 -1.164300026489509143e+00 6.145353147814511599e-04 9.999997781238466610e-01 2.570964883731404913e-04 -2.883919562584183818e-02 -1.064520754910835618e-04 -2.570311168932411933e-04 9.999999613014795008e-01 -7.298067047208083025e-03
9.999998345946421452e-01 -4.077064127154761365e-04 4.056922102121730041e-04 -1.277449873171470740e+00 4.078932781643040831e-04 9.999998107202159314e-01 -4.606328319153749572e-04 -2.118420186712442060e-02 -4.055043304633599091e-04 4.607982348497857250e-04 9.999998116155945915e-01 -2.203328198063891213e-02
9.999997262425204259e-01 -5.872468352966154397e-04 4.501733428875417660e-04 -1.325750262581784078e+00 5.874257075428184231e-04 9.999997485372217332e-01 -3.973116302162011293e-04 -1.248568902367177408e-02 -4.499399096882312674e-04 3.975759648436332666e-04 9.999998197436986702e-01 -2.267671565517548338e-02
9.999998810938440785e-01 -3.557762321610050235e-04 3.335199700408994971e-04 -1.411986603379476346e+00 3.557468665091348902e-04 9.999999328410253963e-01 8.810284671096234776e-05 -3.627578903267530269e-02 -3.335512925408857946e-04 -8.798418755073124213e-05 9.999999405011572584e-01 -1.904542262240261491e-02
9.999996493184997171e-01 -7.332125144153552694e-04 4.046755322051512707e-04 -1.279026016291601842e+00 7.333588298749220717e-04 9.999996657394730759e-01 -3.615325280387361837e-04 -1.950119256075491525e-02 -4.044103167641684561e-04 3.618291736307437697e-04 9.999998527659615943e-01 -1.799656103261642465e-02
9.999997593559114550e-01 -6.315122040156779214e-04 2.871941075373060474e-04 -1.008344641396214714e+00 6.314825682825202669e-04 9.999997952825592229e-01 1.032695774883641117e-04 -2.075573965969874229e-02 -2.872592647421508315e-04 -1.030881945645275070e-04 9.999999534274683910e-01 -1.512745798527875482e-02
9.999998297584820062e-01 -3.187528387992146568e-04 4.887531428954046842e-04 -6.107745977588082686e-01 3.188214965182599946e-04 9.999999393198153452e-01 -1.404037710414573700e-04 -1.823763703386741333e-02 -4.887083591371761855e-04 1.405595721473521539e-04 9.999998707035648859e-01 -2.487682881547084029e-02
9.999997994893542463e-01 -5.995262044664490539e-04 2.039352385556411477e-04 -1.060600797613894253e-01 5.995081895942669424e-04 9.999998163889144420e-01 8.838590342154382040e-05 1.090435333809251089e-02 -2.039881907760772808e-04 -8.826362485356827948e-05 9.999999752991749480e-01 -1.211750537427433091e-02
9.999999571186914959e-01 -2.896660351190928563e-04 4.308367645576489143e-05 -1.336543566769521352e-02 2.896591288946354158e-04 9.999999452139067824e-01 1.602178903320498264e-04 -5.278257698541774512e-03 -4.313008377642621450e-05 -1.602054038815052951e-04 9.999999862370121395e-01 -1.028969289307311852e-03
9.999999459329868001e-01 -3.081278433317160377e-04 1.148531918698802063e-04 2.137276795830167497e-02 3.081295937157631617e-04 9.999999524122087369e-01 -1.522280308707827944e-05 1.969796089095025848e-03 -1.148484958347858093e-04 1.525819193137460915e-05 9.999999932885053067e-01 -1.065083143381434852e-03
9.999997176147975564e-01 -5.729926326056536574e-04 4.862610081177132465e-04 -5.046710571324627415e-01 5.730718935157241671e-04 9.999998225298154519e-01 -1.628770780176596808e-04 -2.933197481752551281e-03 -4.861675944551579185e-04 1.631556945402479111e-04 9.999998685106360474e-01 -1.438097967742739403e-02
9.999998355050870869e-01 -3.243879220803185491e-04 4.730351727675078874e-04 -9.400322334594354290e-01 3.243221789737208696e-04 9.999999377398975930e-01 1.390515194381425985e-04 -3.524246266392996874e-02 -4.730802499497422904e-04 -1.388980807669118326e-04 9.999998784511927585e-01 -1.434516049796033185e-02
9.999994802179139608e-01 -7.392497231103726694e-04 7.021921024330662897e-04 -1.308235935824411333e+00 7.394450969348010392e-04 9.999996879641727121e-01 -2.780152978593134405e-04 -1.796941780554238421e-02 -7.019863605920097401e-04 2.785343858591924574e-04 9.999997148168320305e-01 -2.124241039357418342e-02
9.999992705581989272e-01 -7.445681617682718776e-04 9.510527443039609946e-04 -1.646785470988551436e+00 7.442514524876383143e-04 9.999996674938282926e-01 3.333196787906606679e-04 -3.690636031409854495e-02 -9.513006072935722849e-04 -3.326116132670133073e-04 9.999994921982057194e-01 -2.821335584791490741e-02
9.999994499820512583e-01 -6.464119986497514911e-04 8.259461986343782968e-04 -1.695818553194597733e+00 6.464105503234631638e-04 9.999997910746372121e-01 2.020484911404991835e-06 -4.070065336894005542e-02 -8.259473321389588585e-04 -1.486583463305204741e-06 9.999996589043391726e-01 -2.105758462619203991e-02
9.999995860123659375e-01 -5.040831849066395925e-04 7.575455362175505985e-04 -1.643556071910772687e+00 5.041485740665926007e-04 9.999998692080264151e-01 -8.612865576114719229e-05 -4.995831292158135761e-02 -7.575020211295671298e-04 8.651053560682336191e-05 9.999997093532653203e-01 -1.887306516361005743e-02
9.999994221720049925e-01 -7.430564684186704650e-04 7.768672607569401161e-04 -1.656047725568414064e+00 7.431072897715493243e-04 9.999997217746686706e-01 -6.513172117245874320e-05 -3.890427369191997581e-02 -7.768186480660725689e-04 6.570897926218021736e-05 9.999996961175128263e-01 -1.445704908584402072e-02
9.999990903094618799e-01 -9.801706587709772649e-04 9.266313875333809539e-04 -1.444199191268906279e+00 9.806019347152533303e-04 9.999994110583207974e-01 -4.650837097968552221e-04 -1.965804849316751465e-02 -9.261749803953204683e-04 4.659919432459880620e-04 9.999994625255628211e-01 -2.306420159161426744e-02
9.999995179194277606e-01 -5.980126371670736393e-04 7.788079338397160172e-04 -1.075935306293024363e+00 5.979237893702312769e-04 9.999998147102092672e-01 1.143096195870497495e-04 -2.558073895983890150e-02 -7.788761481316198868e-04 -1.138438966896098938e-04 9.999996901957085571e-01 -1.280157110730350753e-02
9.999990003928728166e-01 -7.465427281320286251e-04 1.200786080142555046e-03 -7.079054078368934855e-01 7.465966590286239688e-04 9.999997203080908115e-01 -4.446536822652529604e-05 -8.835728715817281476e-03 -1.200752548995100491e-03 4.536182665426881551e-05 9.999992780675497350e-01 -3.068774411800245794e-02
9.999986993812848279e-01 -1.132925482839205805e-03 1.147917936568387549e-03 -3.359209719090601176e-01 1.132850295131827964e-03 9.999993561371648410e-01 6.614729384462434835e-05 3.041539929163262351e-02 -1.147992137421507790e-03 -6.484678863898738909e-05 9.999993389542547462e-01 -2.384801033265628034e-02
9.999990037069058646e-01 -5.874127813991586412e-04 1.283562004728525108e-03 -1.298296219175624766e-01 5.872043794359797309e-04 9.999998143544708284e-01 1.627330347275231053e-04 1.694135651936545806e-02 -1.283657357905532582e-03 -1.619791593672701964e-04 9.999991629929194659e-01 -3.105962180378607496e-02
9.999991892897824863e-01 -4.946829636065418678e-04 1.173332239074601066e-03 -1.180468410749310748e-01 4.944930275229501024e-04 9.999998645900446403e-01 1.621620737989878729e-04 1.393280928431919752e-02 -1.173412299008986170e-03 -1.615817377213474672e-04 9.999992984972132515e-01 -2.260263095224129826e-02
9.999988493067318851e-01 -6.605084294996947875e-04 1.365691702683083202e-03 -3.861722045411379867e-01 6.605187465364767549e-04 9.999997818322395871e-01 -7.103421608583634572e-06 1.707244343085859845e-02 -1.365686712863332236e-03 8.005478406335705908e-06 9.999990674174225047e-01 -2.135274181168596991e-02
9.999987837197997775e-01 -1.789147755169669032e-04 1.549370331552938533e-03 -6.902293847552798400e-01 1.791876436552987417e-04 9.999999684616807105e-01 -1.759784817531393625e-04 -7.195379319086925296e-03 -1.549338797537843640e-03 1.762558957328567554e-04 9.999987842408357697e-01 -3.343471909218997951e-02
9.999992276452127626e-01 -2.471645826825167322e-04 1.218038852794298132e-03 -9.885817690370456434e-01 2.471415305910996865e-04 9.999999692785834782e-01 1.907605743606255038e-05 -2.159643190860102702e-02 -1.218043530300194632e-03 -1.877501471617925953e-05 9.999992580084532401e-01 -1.727205142420378328e-02
9.999992036524514294e-01 -3.854188689816595402e-05 1.261431324264516204e-03 -1.392821288377638078e+00 3.841748430157567823e-05 9.999999943967022853e-01 9.864427171300590839e-05 -3.611512422840748582e-02 -1.261435119132704556e-03 -9.859573213978449491e-05 9.999991995298405101e-01 -1.774739479463285571e-02
9.999991888047257138e-01 -2.868441083596551993e-04 1.241011824270980227e-03 -1.433980973610161858e+00 2.871055293055823927e-04 9.999999366346202789e-01 -2.104784323210669118e-04 -2.821016401307746904e-02 -1.240951371135546460e-03 2.108345629386390845e-04 9.999992077939269253e-01 -1.785014741351456311e-02
9.999991054982820815e-01 -4.150822692910352660e-04 1.271498857833266907e-03 -1.447764251144998182e+00 4.152541666218226139e-04 9.999999046787075851e-01 -1.349316598621953475e-04 -2.982534198423612490e-02 -1.271442728892777530e-03 1.354595343641639663e-04 9.999991825417167135e-01 -1.699578064335852817e-02
9.999988649805490182e-01 -4.879067424009344840e-04 1.425476981386408293e-03 -1.244112139018980878e+00 4.884251331654483001e-04 9.999998147139820270e-01 -3.633357827224041473e-04 -1.380260311981539728e-02 -1.425299443287308650e-03 3.640316091136814886e-04 9.999989180006568779e-01 -2.288028199373083604e-02
9.999989257316482805e-01 -3.261866976666571495e-04 1.429033865140318452e-03 -1.165811647816096475e+00 3.265443107036943905e-04 9.999999154289164194e-01 -2.500219452435135177e-04 -1.654345134847387197e-02 -1.428952190452712889e-03 2.504883195313149726e-04 9.999989476750659190e-01 -2.318042830911140953e-02
9.999992393824611581e-01 -2.519297647938120136e-04 1.207379763310933518e-03 -9.688543548754771084e-01 2.518735033181725732e-04 9.999999671870957174e-01 4.674982156536129028e-05 -2.108912696658503047e-02 -1.207391501364848225e-03 -4.644567903580647884e-05 9.999992700240142307e-01 -1.422996006306630375e-02
9.999988390240347469e-01 9.728843112506511254e-05 1.520685879395987372e-03 -6.279856941567684148e-01 -9.718486702236648256e-05 9.999999929534791887e-01 -6.817729279478298814e-05 -8.285174856248331970e-03 -1.520692501542296980e-03 6.802942598761280114e-05 9.999988414324852970e-01 -2.988387905587702037e-02
9.999989983895730683e-01 -4.140371310964580370e-04 1.353437514134708851e-03 -2.683889221078718523e-01 4.142851634255920916e-04 9.999998974419957998e-01 -1.829857950810772401e-04 2.538352363568307374e-02 -1.353361612415231998e-03 1.835463208823265497e-04 9.999990673611121039e-01 -1.807350986223636366e-02
9.999987184479037783e-01 -4.195219312538164217e-04 1.545025533520275919e-03 1.343929894410195169e-02 4.202338992996202316e-04 9.999998056636136834e-01 -4.605173229236014017e-04 3.688030302075305522e-02 -1.544832036148908409e-03 4.611660048511295306e-04 9.999987004091035470e-01 -1.768115769085546601e-02
9.999991545320348063e-01 4.586445508004740462e-04 1.216791022138190639e-03 2.650611415417416517e-01 -4.584999493167002437e-04 9.999998877947389175e-01 -1.191146760819641469e-04 -8.830197327176769750e-03 -1.216845516904941846e-03 1.185566767523419589e-04 9.999992526153719252e-01 -3.724017525512785670e-03
9.999985664696715570e-01 1.015381835823159370e-04 1.690191882324998830e-03 2.928415176526985020e-01 -1.016218092353826511e-04 9.999999936167580650e-01 4.939121062935482060e-05 1.522398021436011800e-02 -1.690186856442282750e-03 -4.956290018259324522e-05 9.999985704049327850e-01 -2.099178822502752173e-02
9.999989757033670434e-01 3.675221559492806251e-04 1.383300286161755167e-03 1.445465740814886046e-01 -3.674272336569667447e-04 9.999999301268203133e-01 -6.887366958832051589e-05 -9.681548590061678228e-03 -1.383325502105700903e-03 6.836533684379134470e-05 9.999990408679080289e-01 -1.498737171976641247e-04
9.999982432461702597e-01 -2.734727502024724907e-04 1.854377854766439205e-03 -1.432124926259447650e-01 2.734282745455460586e-04 9.999999623247576297e-01 2.423761685206918181e-05 1.236014744184523589e-02 -1.854384413230043003e-03 -2.373053493535869245e-05 9.999982803461762160e-01 -2.547360224018216726e-02
9.999988085224683632e-01 -5.654668443645913039e-04 1.436384660047698323e-03 -3.799234914636700489e-01 5.654261668080025815e-04 9.999998397340398304e-01 2.872533049340615107e-05 3.362056106144704209e-02 -1.436400673066119118e-03 -2.791312679542769186e-05 9.999989679864493830e-01 -4.229560018503011887e-03
9.999985801494498672e-01 -2.296088479060730324e-04 1.669424709670573690e-03 -4.458011415822799584e-01 2.293226878478766770e-04 9.999999589819669188e-01 1.716017753768884406e-04 2.194818728753607923e-02 -1.669464042479998529e-03 -1.712186947664319666e-04 9.999985917859931517e-01 -1.280295987533262847e-02
9.999985977915797353e-01 -2.355038836191139116e-04 1.657996620989210263e-03 -5.100792391933248737e-01 2.356726689832954662e-04 9.999999670672908847e-01 -1.016061526476701551e-04 7.926885686894213218e-03 -1.657972637743341821e-03 1.019967546635011820e-04 9.999986203607456048e-01 -1.160069388055449610e-02
9.999984183580165054e-01 -5.375549248376880777e-04 1.695380832818755602e-03 -3.849325689884738333e-01 5.376262433146801771e-04 9.999998546132677912e-01 -4.161088573289284929e-05 3.854341633209063672e-02 -1.695358218196323964e-03 4.252230114750506912e-05 9.999985619751490251e-01 -9.500032751533903086e-03
9.999981809553866174e-01 -1.994428967968556133e-04 1.896920780846427087e-03 -2.561628698881171506e-01 1.999935446868394496e-04 9.999999379223215579e-01 -2.900998709656975013e-04 1.770852646970294542e-02 -1.896862804731362954e-03 2.904787151720414264e-04 9.999981587651129988e-01 -1.222389974712774496e-02
9.999981269086201108e-01 1.233229866723580804e-05 1.935465619900371631e-03 -2.725014553089850633e-01 -1.239403610812250929e-05 9.999999994148358606e-01 3.188598769535358891e-05 1.281532107181272001e-02 -1.935465225540282776e-03 -3.190991620076397410e-05 9.999981264763039279e-01 -1.556291047998168212e-02
9.999983544745283393e-01 2.350594584117893769e-05 1.813972355394821712e-03 -2.619634422856961242e-01 -2.326868322214479520e-05 9.999999911725760970e-01 -1.308182564317415841e-04 1.510886248596494258e-02 -1.813975414388969542e-03 1.307758324188570368e-04 9.999983461940712415e-01 -6.773128847736495373e-03
9.999979850503670775e-01 -6.484081290449450073e-05 2.006412438850157121e-03 -1.055530150242502407e-01 6.544585558340334098e-05 9.999999524102174409e-01 -3.014903032165255794e-04 3.047383990681774846e-02 -2.006392794489081800e-03 3.016210071074635073e-04 9.999979417042428320e-01 -1.624882413328908315e-02
9.999973628842963036e-01 2.530171811595874061e-04 2.282587733023603606e-03 -1.724362509242441110e-01 -2.532479698143709642e-04 9.999999628504085969e-01 1.008198750658694816e-04 2.837881543242493088e-03 -2.282562139065807613e-03 -1.013976699015051093e-04 9.999973898108903692e-01 -2.672043569897005616e-02
9.999980116498430327e-01 -1.790104928109673089e-04 1.986114700557752195e-03 -3.326020189508662184e-01 1.793249248620620905e-04 9.999999714174399035e-01 -1.581382016065280174e-04 3.453320643868097034e-02 -1.986086335392107070e-03 1.584940470418549669e-04 9.999980151683829366e-01 -1.004265967257579953e-02
9.999969114744862164e-01 4.456452305002203034e-04 2.445085237203146501e-03 -6.129133446078122160e-01 -4.453972217303063617e-04 9.999998956111890713e-01 -1.019751239864978792e-04 -1.878390169542863697e-02 -2.445130426691239853e-03 1.008857748621816007e-04 9.999970055751451481e-01 -2.929648462942553711e-02
9.999974408822545069e-01 3.772272992229016089e-04 2.230678934000697358e-03 -8.637750622015766266e-01 -3.778649901837047775e-04 9.999998878657410106e-01 2.854584988450019714e-04 -2.266418218795707845e-02 -2.230571001126608558e-03 -2.863006637965911732e-04 9.999974712892721884e-01 -1.646670743065670878e-02
9.999970630035753816e-01 5.425208321009571512e-04 2.362129414305532294e-03 -1.130881975659134175e+00 -5.429785445683266891e-04 9.999998339367381917e-01 1.931341404673413424e-04 -2.921810961458889619e-02 -2.362024242748023400e-03 -1.944161588245229676e-04 9.999971915179731718e-01 -1.551771588772685000e-02
9.999959563747234936e-01 3.477362931281405408e-04 2.822465885091326749e-03 -1.426660937532234996e+00 -3.466414551981286110e-04 9.999998644998890907e-01 -3.883811335492239059e-04 -1.927547427118892279e-02 -2.822600556862587488e-03 3.874011793998002450e-04 9.999959414149752757e-01 -3.080717118940374394e-02
9.999959527250426028e-01 5.175540963570304668e-04 2.797618861044870366e-03 -1.705769618554021205e+00 -5.174005098986781846e-04 9.999998646014179871e-01 -5.562246042694798915e-05 -3.137609877109677481e-02 -2.797647269883486981e-03 5.417474588235005848e-05 9.999960851097619008e-01 -2.530179826280283192e-02
9.999959783491554344e-01 7.512237807150709068e-04 2.734766598213592831e-03 -1.572144105050733431e+00 -7.519648620104012497e-04 9.999996808332632936e-01 2.699670682437383773e-04 -2.886867483739100071e-02 -2.734562919685387151e-03 -2.720224309181067178e-04 9.999962240775889244e-01 -2.496841075007736818e-02
9.999957700456201248e-01 9.535179033340856732e-04 2.747852702596333824e-03 -1.359159674079320146e+00 -9.524976855530953692e-04 9.999994769723699051e-01 -3.725629418092441469e-04 -2.870367875427303969e-02 -2.748206510828581257e-03 3.699440425455328865e-04 9.999961552437985901e-01 -1.885210728778152073e-02
9.999958702997059357e-01 8.149462071405884139e-04 2.755947425700521619e-03 -1.197336284587704469e+00 -8.159681759442371845e-04 9.999995987518220941e-01 3.697189887627519585e-04 -9.358928479307939557e-03 -2.755645018794038517e-03 -3.719662273280823525e-04 9.999961340233551876e-01 -1.978232505722240728e-02
9.999946267831900659e-01 1.317780709776178102e-03 3.001642675159387277e-03 -9.845401357168259704e-01 -1.317268540205616695e-03 9.999991175059649295e-01 -1.726003600284073630e-04 -2.771026189818340951e-02 -3.001867475652577298e-03 1.686454631443253633e-04 9.999954801649687530e-01 -3.121052658732369894e-02
9.999949495760712681e-01 1.289465759185754248e-03 2.904840857347007303e-03 -5.202240905744017763e-01 -1.289146047698748725e-03 9.999991627865735255e-01 -1.119313170576376139e-04 7.673848681341091660e-04 -2.904982756975965814e-03 1.081859876465928274e-04 9.999957746765602007e-01 -2.265958340173097885e-02
9.999952866002224106e-01 1.399478239517866702e-03 2.732807712982717862e-03 1.250516348986575876e-02 -1.397728919510514379e-03 9.999988171435348905e-01 -6.419232031266418901e-04 1.435066630012669410e-02 -2.733702838017663690e-03 6.381004531140617398e-04 9.999960598405401857e-01 -1.436903116057058026e-02
9.999949512428842890e-01 1.874713706559704264e-03 2.565723535345374590e-03 3.574890583240141195e-01 -1.873766206677774304e-03 9.999981754382574195e-01 -3.716454747971833237e-04 7.397308244297337576e-04 -2.566415582889953161e-03 3.668360323932399417e-04 9.999966394655440682e-01 -7.722205067709601162e-03
9.999944317839172259e-01 1.750510464016021180e-03 2.841146648092593603e-03 3.562940056575807923e-01 -1.750599134721557079e-03 9.999984672876571778e-01 2.872291732231060428e-05 6.182174478032556597e-03 -2.841092013664728126e-03 -3.369646625066836763e-05 9.999959635222124277e-01 -1.775638781676348171e-02
9.999945934459519847e-01 1.728440877031300373e-03 2.797422206209673832e-03 3.480043105357607525e-01 -1.728455679706678363e-03 9.999985062152362270e-01 2.873933350289918820e-06 7.344586606953459017e-03 -2.797413060039123742e-03 -7.709138113074627091e-06 9.999960872027153780e-01 -1.570919825252262841e-02
9.999949638988658851e-01 1.430007144859124762e-03 2.833241336608761929e-03 1.761425318626322345e-01 -1.429179274071901064e-03 9.999989354452546442e-01 -2.942022435308455273e-04 2.661537299825147279e-02 -2.833659031778535189e-03 2.901515521018681776e-04 9.999959430860549947e-01 -2.108489440621619596e-02
9.999937102153315660e-01 1.570887784514271015e-03 3.179912159794132803e-03 -1.364416424266111927e-01 -1.571005345981421998e-03 9.999987653761613915e-01 3.447253628710904522e-05 8.017917076621548789e-03 -3.179854081312620886e-03 -3.946797846506673504e-05 9.999949434723658381e-01 -3.501838276683702511e-02
9.999949748946992401e-01 1.551274482032438326e-03 2.764730155209872697e-03 -4.751616319627889329e-01 -1.550821094565695089e-03 9.999987836772969985e-01 -1.661260339673744876e-04 -5.365100052141543938e-03 -2.764984499483111834e-03 1.618375973210792792e-04 9.999961643272986533e-01 -1.325730788003411792e-02
9.999927999239726084e-01 1.735153800346720884e-03 3.374809846916240145e-03 -7.200685330291880515e-01 -1.735369538469124385e-03 9.999984923847206053e-01 6.099877726751281844e-05 -1.857836266419475579e-02 -3.374698916741158006e-03 -6.685488027814300190e-05 9.999943034525978769e-01 -3.704682143697986957e-02
9.999938699092555394e-01 1.725980596362239761e-03 3.046495509904966967e-03 -9.308409717069422440e-01 -1.726329828255023999e-03 9.999985036186394005e-01 1.120080624986258516e-04 -2.920018844062780006e-02 -3.046297627443361918e-03 -1.172666319494325741e-04 9.999953531488544600e-01 -1.825148901333577961e-02
9.999933361846586877e-01 1.633674118567681388e-03 3.264765711434641435e-03 -1.125719859277708457e+00 -1.634084764384996112e-03 9.999986573036186988e-01 1.231175961914501924e-04 -1.524351057899792430e-02 -3.264560193815096469e-03 -1.284516796668658050e-04 9.999946630592120300e-01 -2.300159766431588565e-02
9.999929540827907637e-01 1.663272508222705384e-03 3.365309694047757556e-03 -1.237630219108668328e+00 -1.663570254479563573e-03 9.999986125956944472e-01 8.567785322177324928e-05 -1.824633673497096098e-02 -3.365162519384771404e-03 -9.127567864684234538e-05 9.999943336589306453e-01 -2.533391742189974871e-02
9.999932817434226129e-01 1.698034601776061882e-03 3.248560682965993818e-03 -1.472703132121433889e+00 -1.698715320283020972e-03 9.999985357995739843e-01 2.067969264343608431e-04 -2.246214492764506479e-02 -3.248204778085431350e-03 -2.123139169205730497e-04 9.999947020302258904e-01 -1.725581558548817257e-02
9.999916285995719134e-01 2.004162298469594830e-03 3.567360965351727697e-03 -1.675149460841888427e+00 -2.003807409198907208e-03 9.999979870658762815e-01 -1.030536864032048682e-04 -4.740796465840116380e-02 -3.567560320802116644e-03 9.590451936587163456e-05 9.999936316375622747e-01 -3.144273337939203911e-02
9.999926386991763172e-01 1.757923633102816694e-03 3.410608737290340628e-03 -1.717891010211700431e+00 -1.758713957632005885e-03 9.999984273003670321e-01 2.287400439713176982e-04 -3.250923830840043299e-02 -3.410201265898097668e-03 -2.347366453373378047e-04 9.999941576959504586e-01 -2.094048289749607036e-02
9.999922603063969850e-01 1.819907485421743765e-03 3.488160553594815087e-03 -1.739717174139464584e+00 -1.819621319502862751e-03 9.999983408572908905e-01 -8.521102729217406256e-05 -3.042167866095654011e-02 -3.488309842425073911e-03 7.886323647576119397e-05 9.999939127189890753e-01 -2.351947072180020359e-02
9.999911462294910347e-01 2.271092591209996053e-03 3.542541611726548936e-03 -1.708014708529944858e+00 -2.270839137616124850e-03 9.999974187863382991e-01 -7.556634094253555760e-05 -4.746002430219138646e-02 -3.542704085826802515e-03 6.752112975695228659e-05 9.999937223246240237e-01 -2.389770878362073442e-02
9.999912394326773146e-01 2.286338543913342056e-03 3.506239290230218734e-03 -1.628051152636001531e+00 -2.287568137968534407e-03 9.999973234060373084e-01 3.467171404544423688e-04 -3.829932534149729784e-02 -3.505437192689245772e-03 -3.547348643000156130e-04 9.999937930173687928e-01 -2.531378209038956731e-02
9.999915903224241287e-01 2.417069976030026320e-03 3.313164221723173628e-03 -1.372475116362510184e+00 -2.417318496254954995e-03 9.999970757603370286e-01 7.100748164745800757e-05 -3.526768282637113977e-02 -3.312982903184982873e-03 -7.901585765173346103e-05 9.999945089353128314e-01 -1.513567016601708240e-02
9.999925436958675418e-01 2.287301464651767847e-03 3.111399151241550469e-03 -1.047141777073440139e+00 -2.287615664772134697e-03 9.999973786576991097e-01 9.742843896957357076e-05 -2.074117226439955303e-02 -3.111168146988186473e-03 -1.045453979512403432e-04 9.999951548397726375e-01 -8.000982214465530637e-03
9.999902303815011440e-01 2.516655622438889947e-03 3.633949095720375669e-03 -7.404341672355562176e-01 -2.517261074055129888e-03 9.999968185638911100e-01 1.620456146864117538e-04 -1.379216183204148502e-02 -3.633529721536212214e-03 -1.711916301663315868e-04 9.999933840557089226e-01 -3.426032842962925540e-02
9.999912269113760965e-01 2.963079691389571436e-03 2.960786892584571766e-03 -4.381052185905180973e-01 -2.963059147520037944e-03 9.999956100664789682e-01 -1.132514037205536347e-05 -1.367576839826770488e-02 -2.960807452220382430e-03 2.552054329665056725e-06 9.999956167967527509e-01 3.151746812962007149e-03
9.999899493645114656e-01 2.680692465329758377e-03 3.593752616423786985e-03 -2.435458237624031907e-01 -2.680829962661168686e-03 9.999964060096633300e-01 3.344350106785112900e-05 4.102721498325193755e-03 -3.593650048770284568e-03 -4.307740463191329022e-05 9.999935418909785545e-01 -2.606459676989021645e-02
9.999885172007518808e-01 2.742295095309384579e-03 3.930048886681341419e-03 -1.736025879239745384e-01 -2.741593583319527298e-03 9.999962249200364806e-01 -1.838757725826350845e-04 1.135742006292714268e-02 -3.930538292061833833e-03 1.730990643641943305e-04 9.999922604227737821e-01 -4.298070307831601544e-02
9.999879974988915565e-01 3.093426765129900658e-03 3.799416929677975133e-03 -1.030866123236890836e-01 -3.093840275308945825e-03 9.999952087640530118e-01 1.029625604319284117e-04 3.948821555433692024e-03 -3.799080218634757686e-03 -1.147161137434110699e-04 9.999927768887661994e-01 -2.844207272862654678e-02
9.999876936364722191e-01 3.011151285614320928e-03 3.942783730320227088e-03 -1.708032840391038032e-01 -3.011057949396787458e-03 9.999954663164049018e-01 -2.960846753474895130e-05 -5.811573207373027170e-05 -3.942855010561391489e-03 1.773615286825092952e-05 9.999922267596856873e-01 -3.202111820151345989e-02
9.999872407561543053e-01 2.956252817260687001e-03 4.096204850051486657e-03 -1.834067688640339533e-01 -2.955937129889794294e-03 9.999956277537986882e-01 -8.312021513555520758e-05 -3.400334810895761211e-03 -4.096432664805556637e-03 7.101103057655994881e-05 9.999916070632074439e-01 -3.708640850448791798e-02
9.999884035483516120e-01 2.750105498627484005e-03 3.953440092559389746e-03 -1.326828278654964000e-01 -2.748904218699796918e-03 9.999961739350354817e-01 -3.092586081042596820e-04 1.372796117692613033e-02 -3.954275460239407500e-03 2.983873936529505698e-04 9.999921373043629824e-01 -2.952349733572319154e-02
9.999888798333002038e-01 3.303335429293631151e-03 3.365736885600972578e-03 6.875687822719747655e-02 -3.303351986837903438e-03 9.999945439177365669e-01 -6.396847754040579345e-07 -9.168944589447378113e-04 -3.365720634957029226e-03 -1.047853596622086463e-05 9.999943358913627733e-01 -3.680387291205428069e-04
9.999885772917279647e-01 3.304093687651542613e-03 3.453730008120969950e-03 1.286170846706719273e-01 -3.304299738713552259e-03 9.999945393310821773e-01 5.395603342308728545e-05 -7.978619949994183308e-04 -3.453532872655420190e-03 -6.536757626247924910e-05 9.999940344010945781e-01 -5.911568444080028684e-03
9.999883033726547632e-01 3.288131806151603064e-03 3.547013829237808530e-03 2.394932743390913998e-01 -3.287540150922875579e-03 9.999945811261271578e-01 -1.726213707355176428e-04 5.695924088914983661e-03 -3.547562210236779139e-03 1.609584012681743138e-04 9.999936944274986361e-01 -1.032591382128389412e-02
9.999878073069274897e-01 3.295690734222843539e-03 3.677452932066756133e-03 2.938791781012161097e-01 -3.294531738342350649e-03 9.999945214383088032e-01 -3.211759529250553117e-04 1.546886707969961916e-02 -3.678491281526111763e-03 3.090565515242849450e-04 9.999931865697584410e-01 -1.678578900245871613e-02
9.999862471284088894e-01 3.639532725886633364e-03 3.776156190877066887e-03 3.261386595676599165e-01 -3.640131260399365274e-03 9.999933632024026187e-01 1.516428526888652720e-04 -5.406265065201511233e-04 -3.775579220167723724e-03 -1.653864713587467443e-04 9.999928587989352913e-01 -1.798883192560815983e-02
9.999858854328049773e-01 3.593581979840556554e-03 3.913451638034561898e-03 3.338601425317335725e-01 -3.592308676939680746e-03 9.999934924109741274e-01 -3.323463143853629771e-04 3.194105632809664946e-03 -3.914620484626069909e-03 3.182832971848812385e-04 9.999922871913583533e-01 -2.964317211455499632e-02
9.999862487410779988e-01 3.429115936765861870e-03 3.967807031471056942e-03 2.610944803475571119e-01 -3.428921860685591946e-03 9.999941196781034769e-01 -5.571434430081585336e-05 5.206638702777085202e-03 -3.967974750434437661e-03 4.210827788924859002e-05 9.999921266706417455e-01 -2.466897130057344248e-02
9.999859825000261271e-01 3.440166943349441241e-03 4.024929174452032687e-03 1.815285703843552700e-01 -3.440257421226677621e-03 9.999940821759307763e-01 1.555614246862113044e-05 6.171007109869947396e-03 -4.024851839902201037e-03 -2.940271687271485339e-05 9.999918998187670161e-01 -2.294955886316455557e-02
9.999852225748508960e-01 3.576932472849070777e-03 4.093920616051862325e-03 -7.563703521999756707e-02 -3.577352178247357201e-03 9.999935967235780154e-01 9.520102321450654194e-05 -2.828338536895730684e-03 -4.093553873915123202e-03 -1.098450122219167731e-04 9.999916153402260699e-01 -2.478453298540253535e-02
9.999875034996886791e-01 3.016465326283787607e-03 3.986700565062810918e-03 -2.395707310564154646e-01 -3.015562728953889715e-03 9.999954261768125852e-01 -2.323938094434817878e-04 1.450609163122119558e-02 -3.987383338467554057e-03 2.203687596986668776e-04 9.999920260740692290e-01 -2.033493623122185207e-02
9.999885539821553593e-01 2.146377687139653431e-03 4.276092550693545019e-03 -4.656494566940923563e-01 -2.145909584650711622e-03 9.999976910291180632e-01 -1.140547541892558361e-04 6.447422625195259327e-02 -4.276327481899861935e-03 1.048773407271173433e-04 9.999908509701530557e-01 -3.126271522287554783e-02
9.999867457919837666e-01 2.754103624726326593e-03 4.350075123811711873e-03 -7.445966188234302008e-01 -2.755354909188752286e-03 9.999961643305540493e-01 2.816797897851518401e-04 -1.143175980347588272e-02 -4.349282663031413081e-03 -2.936620571903585499e-04 9.999904987063192863e-01 -3.662741492597683390e-02
9.999857464977081056e-01 2.867947458912182158e-03 4.503518490503875121e-03 -7.425328183940851368e-01 -2.868079179141101633e-03 9.999958867927530859e-01 2.279029568871079422e-05 -7.497946208119735112e-03 -4.503434605228374965e-03 -3.570641846267008721e-05 9.999898588494825491e-01 -3.503175234166289870e-02
9.999847865374407174e-01 3.078672840070284349e-03 4.576949553250533355e-03 -6.777130608474940532e-01 -3.078121896875670588e-03 9.999952544545189781e-01 -1.274128320788279101e-04 -2.616366579697608843e-02 -4.577320095553861871e-03 1.133224850477217112e-04 9.999895175944382153e-01 -3.872472398974777241e-02
9.999862972259001559e-01 3.149612286905875778e-03 4.181543121360770630e-03 -4.941518304335072997e-01 -3.149729012787782102e-03 9.999950393637967450e-01 2.132943148408285056e-05 -6.940027430969095135e-03 -4.181455198807102445e-03 -3.449986689927474627e-05 9.999912570828705105e-01 -1.173916973244209377e-02
9.999859604132270707e-01 3.263102531523029513e-03 4.175061473158012647e-03 -3.160190266732157416e-01 -3.262868359941043048e-03 9.999946748527541729e-01 -6.289833232017974973e-05 -4.923318380963010582e-04 -4.175244484048329895e-03 4.927477327200915815e-05 9.999912824147494383e-01 -1.396478046301403118e-02
9.999854404238984751e-01 3.187705066899859229e-03 4.354018446023041715e-03 -1.048728353310268147e-01 -3.188262907356589470e-03 9.999949101338508894e-01 1.211859111194869446e-04 5.202061897783688549e-03 -4.353609979709027918e-03 -1.350659022133932096e-04 9.999905138736799870e-01 -1.992468651202591173e-02
9.999862700495810719e-01 3.286910455425528111e-03 4.081167968150144383e-03 -3.057339165856799712e-02 -3.287657405066218234e-03 9.999945800938881968e-01 1.763282029082089081e-04 6.833599840228812838e-03 -4.080566273589204991e-03 -1.897432640225334122e-04 9.999916564533829488e-01 -2.257230179676782827e-03
9.999856963389246456e-01 3.088285550963439010e-03 4.366876447960140774e-03 4.358070948973601783e-02 -3.086650511062041021e-03 9.999951636607216088e-01 -3.811086316012221261e-04 1.912955361913443175e-02 -4.368032300544374101e-03 3.676241589326818371e-04 9.999903925269978400e-01 -7.889188834932944067e-03
9.999832806171042865e-01 3.394343501268866012e-03 4.681550859399972661e-03 -1.169545839437725471e-01 -3.394200311547693021e-03 9.999942389432184831e-01 -3.853074666438450140e-05 4.781115034657491131e-03 -4.681654675309185679e-03 2.263998106857600571e-05 9.999890407384135482e-01 -2.605485138861111938e-02
9.999813061123024038e-01 3.509896459139715159e-03 5.006800653102615010e-03 -1.911139314834697511e-01 -3.509050262600611932e-03 9.999938274604908139e-01 -1.777840616680035528e-04 -5.882090954426011722e-03 -5.007393752076308956e-03 1.602116230461616479e-04 9.999874500912736552e-01 -3.487984900820075701e-02
9.999821143633887965e-01 3.419557032744801380e-03 4.906891381136325656e-03 -1.984196795884944908e-01 -3.419650954995116180e-03 9.999941529187866829e-01 1.075101109502817165e-05 4.479829940136129812e-03 -4.906825926448315708e-03 -2.753067460391066205e-05 9.999879610782269612e-01 -2.947352398802238066e-02
9.999837028400875294e-01 3.628736590824730313e-03 4.407530485644204320e-03 -1.008521271043720802e-01 -3.629676272618777896e-03 9.999933916458537686e-01 2.052188541505638761e-04 2.768846516012852393e-03 -4.406756673956661700e-03 -2.212134184906674106e-04 9.999902657327420785e-01 -6.875625248069641010e-03
9.999817858570227980e-01 3.467623695669265656e-03 4.939993937704272031e-03 2.911180844537669329e-02 -3.465286333806197674e-03 9.999938798921177430e-01 -4.816315328925557088e-04 1.717804192883896908e-02 -4.941633821324476275e-03 4.645042669055412577e-04 9.999876821696165319e-01 -2.798220280380896499e-02
9.999798505358078460e-01 3.753186595697782704e-03 5.119776631978701503e-03 1.986159084851177592e-01 -3.750982738999141756e-03 9.999928682415261116e-01 -4.399938381387847892e-04 1.267927718696572684e-02 -5.121391497943814097e-03 4.207807787246151121e-04 9.999867970591717059e-01 -3.547625860851576218e-02
9.999790854260774964e-01 4.037824737521665021e-03 5.052195741919187320e-03 2.942077880596714046e-01 -4.037537803626280002e-03 9.999918468670458971e-01 -6.699193253847942980e-05 1.627653029803808465e-03 -5.052425052378011795e-03 4.659210013143570570e-05 9.999872353336648478e-01 -3.380935723831154233e-02
9.999797532375526155e-01 3.984978732653962803e-03 4.961155053381443442e-03 3.669011897769556274e-01 -3.983955088021310688e-03 9.999920406485880431e-01 -2.161974312993055728e-04 -1.063229648285882178e-03 -4.961977107970746287e-03 1.964280350838906643e-04 9.999876700235893479e-01 -2.677518176201307623e-02
9.999800192246730557e-01 3.802552167982407340e-03 5.049925586809355695e-03 2.770330357932919707e-01 -3.802327872204491234e-03 9.999927696663866161e-01 -5.401574961940135968e-05 7.699567210658919171e-04 -5.050094471868461603e-03 3.481319753156027533e-05 9.999872475856211862e-01 -2.472672225638037832e-02
9.999796798961376743e-01 3.652912864457333320e-03 5.224559543416279137e-03 1.939776738593746164e-01 -3.650804495513177046e-03 9.999932504937192324e-01 -4.130297098600971143e-04 5.227793370977295434e-03 -5.226033041759376926e-03 3.939474715853141622e-04 9.999862665977148346e-01 -3.249770264683288223e-02
9.999807132565845524e-01 3.863702977127713920e-03 4.862603639725075928e-03 5.702555538257562256e-02 -3.863448447715990379e-03 9.999925349494861448e-01 -6.173647596662706644e-05 -3.253326368609052097e-03 -4.862805871549267210e-03 4.294886678730175427e-05 9.999881755673166728e-01 -1.174923972782798004e-02
9.999813300293141083e-01 3.609671258067621586e-03 4.930503646968114641e-03 -8.234900675407168247e-02 -3.608208879861682112e-03 9.999934437395839870e-01 -3.054611705027423857e-04 5.247763525625476211e-03 -4.931573935709841934e-03 2.876651805104626881e-04 9.999877983391900482e-01 -1.076611544417983152e-02
9.999813021879971897e-01 3.636361705710203663e-03 4.916517867629833886e-03 -2.120013011324396734e-01 -3.635168250068431927e-03 9.999933610878417589e-01 -2.516585684589427141e-04 1.942218710059490441e-02 -4.917400348880844076e-03 2.337814933410386651e-04 9.999878821865904044e-01 -6.707787142110793396e-03
9.999774200031502636e-01 4.039093111986177820e-03 5.370773750216721772e-03 -1.619946727972889355e-01 -4.039507721646490301e-03 9.999918389540976005e-01 6.635185720869035784e-05 -4.483937135195611989e-04 -5.370461917756194810e-03 -8.804564101918032411e-05 9.999855750893384965e-01 -2.878963973197523965e-02
