# The modifications of the output file from Kalibr:
# 1. For each matrix (e.g. cam0/T_cam_imu), remove the brackets and minus sign for each line. Use one pair of brackets for each matrix.
# 2. Add the T_imu_body at the end of the calibration file (usually set to identity).

# T_cam_imu => IMU extrinsics: transformation from IMU to camera coordinates (T_c_i) 

# camx/T_cam_imu: takes a vector from the IMU frame to the camx frame. 
# cam1/T_cn_cnm1: takes a vector from the cam0 frame to the cam1 frame.
cam0:
  T_cam_imu:
    [ -0.999955,        0.00445396,       0.00837594 ,   0.0107000041753054,
      -0.00442284 ,     -0.999983 ,        0.00373039 ,   3.63797880709171e-12,
      0.00839241 ,      0.00369317,       0.999958,   -4.36557456851006e-11  ,
      0,                   0,                   0,   1.000000000000000]
  camera_model: KANNALA_BRANDT
  distortion_coeffs: [-0.0123622203245759, 0.0516598783433437, -0.0478819496929646, 0.00937241967767477]
  distortion_model: radtan
  intrinsics: [285.521087646484, 285.586303710938, 427.286010742188, 388.918914794922] # [fx,fy,cx,cy]
  resolution: [848, 800] #the camera resolution is 848 pixels (width) x 800 pixels (height).
  timeshift_cam_imu: 0.0
cam1:
  T_cam_imu:
    [ -0.999965 ,        0.00769622 ,      0.00322142  ,  -0.0532406494021416 ,
      -0.00769105 ,     -0.999969  ,       0.00161591,    -0.00024796649813652,
      0.00323376 ,      0.00159108,       0.999994  , 3.20302970067132e-05  
      0,                   0,                   0,   1.000000000000000]

#   T_cn_cnm1 => camera extrinsic transformation, always with respect to the last camera in the chain
# (e.g. cam1: T_cn_cnm1 = T_c1_c0, takes cam0 to cam1 coordinates)
  T_cn_cnm1:
    [0.999981,        -0.0032614,       -0.00514241 , -0.0639404505491257,  
     0.00325042,       0.999992,        -0.00214176 ,   -0.000282746041193604 ,
     0.00514936,       0.002125 ,        0.999985 ,  -2.30678560910746e-05 ,
      0,                   0,                   0,   1.000000000000000]
  camera_model: KANNALA_BRANDT
  distortion_coeffs: [-0.0105071403086185, 0.0482190288603306, -0.0452298112213612, 0.00858183670789003]
  distortion_model: radtan
  intrinsics: [285.348602294922, 285.402313232422, 430.209594726562, 391.652191162109]
  resolution: [848, 800]
  timeshift_cam_imu: 0.0
T_imu_body:
  [1.0000, 0.0000, 0.0000, 0.0000,
  0.0000, 1.0000, 0.0000, 0.0000,
  0.0000, 0.0000, 1.0000, 0.0000,
  0.0000, 0.0000, 0.0000, 1.0000]

