# oST version 5.0 parameters


[image]

width
640

height
480

[narrow_stereo]

camera matrix
983.094038 0.000000 304.845561
0.000000 985.216465 228.706447
0.000000 0.000000 1.000000

distortion
-0.392012 0.070702 -0.000926 0.006187 0.000000

rectification
1.000000 0.000000 0.000000
0.000000 1.000000 0.000000
0.000000 0.000000 1.000000

projection
938.087463 0.000000 305.175823 0.000000
0.000000 959.263855 227.472655 0.000000
0.000000 0.000000 1.000000 0.000000
