1.000000000000000000e+00 0.000000000000000000e+00 0.000000000000000000e+00 0.000000000000000000e+00 0.000000000000000000e+00 1.000000000000000000e+00 0.000000000000000000e+00 0.000000000000000000e+00 0.000000000000000000e+00 0.000000000000000000e+00 1.000000000000000000e+00 0.000000000000000000e+00
9.999999673996553540e-01 1.841573580689084323e-04 -1.768806256886848644e-04 1.965113351132298514e-01 -1.841771568643787136e-04 9.999999767759716329e-01 -1.119233269903352186e-04 -1.658703006935383900e-05 1.768600100765993694e-04 1.119559007123399261e-04 9.999999780932062876e-01 1.135192166579923612e-02
9.999999767307470311e-01 1.384172373349566189e-04 -1.654665340161987921e-04 2.537319870780968545e-02 -1.384014663075790760e-04 9.999999858795523000e-01 9.532014105864733595e-05 -2.823737011015083260e-04 1.654797256303249843e-04 -9.529723802968619094e-05 9.999999817674481983e-01 4.015055861214082700e-03
9.999998305766453210e-01 -2.744192687228480944e-04 5.133621973849855896e-04 -6.270646236668629969e-01 2.744855442638030108e-04 9.999999540038344570e-01 -1.290349372523276808e-04 -1.140033012400914342e-02 -5.133267640991725361e-04 1.291758258929494166e-04 9.999998599046098224e-01 -3.084583420075479726e-02
9.999996933079172701e-01 -6.400143571117563462e-04 4.514041361545944654e-04 -1.042438603291610422e+00 6.399961805055411675e-04 9.999997943859346705e-01 4.041011271708701470e-05 -1.258114957140063842e-02 -4.514299063918663919e-04 -4.012120340062203997e-05 9.999998973006590797e-01 -2.860667782842743478e-02
9.999997755229269591e-01 -5.537804653108110682e-04 3.772019247166812344e-04 -1.434582671442447444e+00 5.537059265279051104e-04 9.999998271650729631e-01 1.976855357816310725e-04 -2.133974392407981743e-02 -3.773113339110044980e-04 -1.974766324645472646e-04 9.999999093195643951e-01 -2.311379930723151191e-02
9.999998813996580083e-01 -3.770009383101281656e-04 3.083357949078739755e-04 -1.394535689045604654e+00 3.769431311090025330e-04 9.999999113754438618e-01 1.875179467449895345e-04 -2.807894950317859836e-02 -3.084064620236238964e-04 -1.874016994453313691e-04 9.999999348830265200e-01 -1.281026887377025025e-02
9.999997690787305604e-01 -4.715742457606812775e-04 4.893467240869399165e-04 -1.545408485129895704e+00 4.716016104381480956e-04 9.999998872387461102e-01 -5.580695360429725960e-05 -3.115940341435521899e-02 -4.893203517855356085e-04 5.603771742042672140e-05 9.999998787126763711e-01 -2.631921301951433909e-02
9.999998154492717450e-01 -5.478456506423587131e-04 2.626148616527903949e-04 -1.451900844110033173e+00 5.478156786746827493e-04 9.999998434296051286e-01 1.141873344862945474e-04 -2.779485690839905709e-02 -2.626773775696345805e-04 -1.140434488742724336e-04 9.999999589973427305e-01 -1.870818421101833051e-02
9.999998383232882038e-01 -4.811943606903430455e-04 3.029940340019647701e-04 -1.308073761861289430e+00 4.812872553270545854e-04 9.999998371823290988e-01 -3.065907585332532212e-04 -2.037444896045326193e-02 -3.028464549251358180e-04 3.067365361316728013e-04 9.999999070983567329e-01 -1.808115259202842939e-02
9.999998756291271773e-01 -4.946136555589525840e-04 6.402391713082509442e-05 -1.382683240714617456e+00 4.946106065864479913e-04 9.999998765458828487e-01 4.762947507695833738e-05 -3.402965544965730338e-02 -6.404746741558909500e-05 -4.759780224475082641e-05 9.999999968161855657e-01 -6.327136831197571407e-03
9.999998195175311411e-01 -6.005769492914782336e-04 1.649948713830332408e-05 -1.163246830571736279e+00 6.005752985877929476e-04 9.999998146677089306e-01 9.986920696992968157e-05 -2.655583440850225324e-02 -1.655946322406573232e-05 -9.985927976087402005e-05 9.999999948769542346e-01 -7.430774457852379507e-03
9.999998055071323000e-01 -6.145626594546190879e-04 1.062940971735756054e-04 -1.164300026489503148e+00 6.145353147814377158e-04 9.999997781238466610e-01 2.570964883731438524e-04 -2.883919562584237248e-02 -1.064520754910812579e-04 -2.570311168932445543e-04 9.999999613014795008e-01 -7.298067047208121189e-03
9.999998345946421452e-01 -4.077064127154755944e-04 4.056922102121708899e-04 -1.277449873171475403e+00 4.078932781643035410e-04 9.999998107202159314e-01 -4.606328319153795651e-04 -2.118420186712524633e-02 -4.055043304633577949e-04 4.607982348497903329e-04 9.999998116155945915e-01 -2.203328198063917234e-02
9.999997262425204259e-01 -5.872468352966152228e-04 4.501733428875317913e-04 -1.325750262581793182e+00 5.874257075428182063e-04 9.999997485372217332e-01 -3.973116302161825895e-04 -1.248568902367305777e-02 -4.499399096882212928e-04 3.975759648436147267e-04 9.999998197436986702e-01 -2.267671565517490051e-02
9.999998810938440785e-01 -3.557762321609973257e-04 3.335199700408995513e-04 -1.411986603379473237e+00 3.557468665091271924e-04 9.999999328410253963e-01 8.810284671096482788e-05 -3.627578903267557331e-02 -3.335512925408858488e-04 -8.798418755073372224e-05 9.999999405011572584e-01 -1.904542262240312145e-02
9.999996493184997171e-01 -7.332125144153570041e-04 4.046755322051374471e-04 -1.279026016291608947e+00 7.333588298749238064e-04 9.999996657394730759e-01 -3.615325280387111386e-04 -1.950119256075642099e-02 -4.044103167641546325e-04 3.618291736307187247e-04 9.999998527659615943e-01 -1.799656103261569259e-02
9.999997593559114550e-01 -6.315122040156696814e-04 2.871941075372988375e-04 -1.008344641396214714e+00 6.314825682825120270e-04 9.999997952825592229e-01 1.032695774883778675e-04 -2.075573965970019252e-02 -2.872592647421436216e-04 -1.030881945645412628e-04 9.999999534274683910e-01 -1.512745798527867502e-02
9.999998297584820062e-01 -3.187528387992096153e-04 4.887531428953950348e-04 -6.107745977588099340e-01 3.188214965182548447e-04 9.999999393198153452e-01 -1.404037710414337073e-04 -1.823763703386819396e-02 -4.887083591371665361e-04 1.405595721473284912e-04 9.999998707035648859e-01 -2.487682881547029559e-02
9.999997994893542463e-01 -5.995262044664463434e-04 2.039352385556359977e-04 -1.060600797613898555e-01 5.995081895942642319e-04 9.999998163889144420e-01 8.838590342155020364e-05 1.090435333809278498e-02 -2.039881907760721308e-04 -8.826362485357466272e-05 9.999999752991749480e-01 -1.211750537427429622e-02
9.999999571186914959e-01 -2.896660351190880858e-04 4.308367645575931457e-05 -1.336543566768610969e-02 2.896591288946306453e-04 9.999999452139067824e-01 1.602178903320645987e-04 -5.278257698542440646e-03 -4.313008377642063763e-05 -1.602054038815200674e-04 9.999999862370121395e-01 -1.028969289307173941e-03
9.999999459329868001e-01 -3.081278433317122972e-04 1.148531918698800030e-04 2.137276795829547854e-02 3.081295937157594212e-04 9.999999524122087369e-01 -1.522280308708638386e-05 1.969796089095254832e-03 -1.148484958347856060e-04 1.525819193138271356e-05 9.999999932885053067e-01 -1.065083143381535466e-03
9.999997176147975564e-01 -5.729926326056603795e-04 4.862610081177164991e-04 -5.046710571324648509e-01 5.730718935157308892e-04 9.999998225298154519e-01 -1.628770780176662944e-04 -2.933197481753671912e-03 -4.861675944551611711e-04 1.631556945402545247e-04 9.999998685106360474e-01 -1.438097967742743045e-02
9.999998355050870869e-01 -3.243879220802982203e-04 4.730351727675162357e-04 -9.400322334594541918e-01 3.243221789737005408e-04 9.999999377398975930e-01 1.390515194380958694e-04 -3.524246266393143284e-02 -4.730802499497506388e-04 -1.388980807668651577e-04 9.999998784511927585e-01 -1.434516049796134493e-02
9.999994802179139608e-01 -7.392497231103695252e-04 7.021921024330577245e-04 -1.308235935824423546e+00 7.394450969347978950e-04 9.999996879641727121e-01 -2.780152978593167473e-04 -1.796941780554368179e-02 -7.019863605920011749e-04 2.785343858591957642e-04 9.999997148168320305e-01 -2.124241039357414179e-02
9.999992705581989272e-01 -7.445681617682716608e-04 9.510527443039521042e-04 -1.646785470988551658e+00 7.442514524876380974e-04 9.999996674938282926e-01 3.333196787906704257e-04 -3.690636031409887108e-02 -9.513006072935633944e-04 -3.326116132670230651e-04 9.999994921982057194e-01 -2.821335584791435577e-02
9.999994499820512583e-01 -6.464119986497591890e-04 8.259461986343767789e-04 -1.695818553194605727e+00 6.464105503234708616e-04 9.999997910746372121e-01 2.020484911404345125e-06 -4.070065336893976399e-02 -8.259473321389573406e-04 -1.486583463304552738e-06 9.999996589043391726e-01 -2.105758462619140847e-02
9.999995860123659375e-01 -5.040831849066421946e-04 7.575455362175424669e-04 -1.643556071910772465e+00 5.041485740665952028e-04 9.999998692080264151e-01 -8.612865576112464089e-05 -4.995831292158182946e-02 -7.575020211295589983e-04 8.651053560680081050e-05 9.999997093532653203e-01 -1.887306516360948150e-02
9.999994221720049925e-01 -7.430564684186698144e-04 7.768672607569475971e-04 -1.656047725568418949e+00 7.431072897715486738e-04 9.999997217746686706e-01 -6.513172117247217376e-05 -3.890427369192075990e-02 -7.768186480660800499e-04 6.570897926219364791e-05 9.999996961175128263e-01 -1.445704908584478227e-02
9.999990903094618799e-01 -9.801706587709677239e-04 9.266313875333872423e-04 -1.444199191268919602e+00 9.806019347152437893e-04 9.999994110583207974e-01 -4.650837097968525116e-04 -1.965804849316803160e-02 -9.261749803953267567e-04 4.659919432459853515e-04 9.999994625255628211e-01 -2.306420159161468725e-02
9.999995179194277606e-01 -5.980126371670697362e-04 7.788079338397329307e-04 -1.075935306293024141e+00 5.979237893702273737e-04 9.999998147102092672e-01 1.143096195870050940e-04 -2.558073895983935947e-02 -7.788761481316365835e-04 -1.138438966895652111e-04 9.999996901957085571e-01 -1.280157110730527348e-02
9.999990003928728166e-01 -7.465427281320292756e-04 1.200786080142544638e-03 -7.079054078368954839e-01 7.465966590286246193e-04 9.999997203080908115e-01 -4.446536822650609889e-05 -8.835728715817621481e-03 -1.200752548995090083e-03 4.536182665424960480e-05 9.999992780675497350e-01 -3.068774411800200344e-02
9.999986993812848279e-01 -1.132925482839205154e-03 1.147917936568376056e-03 -3.359209719090603952e-01 1.132850295131827313e-03 9.999993561371648410e-01 6.614729384463163961e-05 3.041539929163263045e-02 -1.147992137421496297e-03 -6.484678863899470745e-05 9.999993389542547462e-01 -2.384801033265599238e-02
9.999990037069058646e-01 -5.874127813991610264e-04 1.283562004728511664e-03 -1.298296219175638089e-01 5.872043794359821161e-04 9.999998143544708284e-01 1.627330347275380944e-04 1.694135651936605480e-02 -1.283657357905519138e-03 -1.619791593672851855e-04 9.999991629929194659e-01 -3.105962180378531168e-02
9.999991892897824863e-01 -4.946829636065413257e-04 1.173332239074593476e-03 -1.180468410749398317e-01 4.944930275229495603e-04 9.999998645900446403e-01 1.621620737989987421e-04 1.393280928431932936e-02 -1.173412299008978581e-03 -1.615817377213583364e-04 9.999992984972132515e-01 -2.260263095224077090e-02
9.999988493067318851e-01 -6.605084294997080148e-04 1.365691702683093610e-03 -3.861722045411380422e-01 6.605187465364899821e-04 9.999997818322395871e-01 -7.103421608594947544e-06 1.707244343085892110e-02 -1.365686712863342644e-03 8.005478406347042597e-06 9.999990674174225047e-01 -2.135274181168670543e-02
9.999987837197997775e-01 -1.789147755169674453e-04 1.549370331552916849e-03 -6.902293847552748440e-01 1.791876436552992296e-04 9.999999684616807105e-01 -1.759784817530987862e-04 -7.195379319087324282e-03 -1.549338797537821956e-03 1.762558957328161792e-04 9.999987842408357697e-01 -3.343471909218936194e-02
9.999992276452127626e-01 -2.471645826825097933e-04 1.218038852794298783e-03 -9.885817690370359845e-01 2.471415305910926391e-04 9.999999692785834782e-01 1.907605743607121383e-05 -2.159643190860181458e-02 -1.218043530300195283e-03 -1.877501471618792976e-05 9.999992580084532401e-01 -1.727205142420443554e-02
9.999992036524514294e-01 -3.854188689816452423e-05 1.261431324264515987e-03 -1.392821288377633193e+00 3.841748430157426199e-05 9.999999943967022853e-01 9.864427171300306236e-05 -3.611512422840845032e-02 -1.261435119132704339e-03 -9.859573213978164888e-05 9.999991995298405101e-01 -1.774739479463357389e-02
9.999991888047257138e-01 -2.868441083596591024e-04 1.241011824270983263e-03 -1.433980973610168741e+00 2.871055293055862958e-04 9.999999366346202789e-01 -2.104784323210795156e-04 -2.821016401307769109e-02 -1.240951371135549496e-03 2.108345629386516884e-04 9.999992077939269253e-01 -1.785014741351521536e-02
9.999991054982820815e-01 -4.150822692910288150e-04 1.271498857833264088e-03 -1.447764251144999292e+00 4.152541666218161629e-04 9.999999046787075851e-01 -1.349316598622030724e-04 -2.982534198423676675e-02 -1.271442728892774711e-03 1.354595343641716370e-04 9.999991825417167135e-01 -1.699578064335922553e-02
9.999988649805490182e-01 -4.879067424009299304e-04 1.425476981386395283e-03 -1.244112139018982877e+00 4.884251331654437464e-04 9.999998147139820270e-01 -3.633357827223720549e-04 -1.380260311981622301e-02 -1.425299443287295640e-03 3.640316091136493962e-04 9.999989180006568779e-01 -2.288028199373034338e-02
9.999989257316482805e-01 -3.261866976666523248e-04 1.429033865140300888e-03 -1.165811647816094254e+00 3.265443107036894574e-04 9.999999154289164194e-01 -2.500219452434799617e-04 -1.654345134847436116e-02 -1.428952190452695324e-03 2.504883195312814165e-04 9.999989476750659190e-01 -2.318042830911089258e-02
9.999992393824611581e-01 -2.519297647938122304e-04 1.207379763310924628e-03 -9.688543548754681156e-01 2.518735033181727901e-04 9.999999671870957174e-01 4.674982156537989112e-05 -2.108912696658529068e-02 -1.207391501364839335e-03 -4.644567903582507969e-05 9.999992700240142307e-01 -1.422996006306575731e-02
9.999988390240347469e-01 9.728843112506673884e-05 1.520685879395964170e-03 -6.279856941567871775e-01 -9.718486702236816307e-05 9.999999929534791887e-01 -6.817729279474407883e-05 -8.285174856249136882e-03 -1.520692501542273778e-03 6.802942598757389183e-05 9.999988414324852970e-01 -2.988387905587535157e-02
9.999989983895730683e-01 -4.140371310964909425e-04 1.353437514134707984e-03 -2.683889221078583076e-01 4.142851634256248887e-04 9.999998974419957998e-01 -1.829857950810163079e-04 2.538352363568390641e-02 -1.353361612415231131e-03 1.835463208822656718e-04 9.999990673611121039e-01 -1.807350986223624223e-02
9.999987184479037783e-01 -4.195219312538117596e-04 1.545025533520269197e-03 1.343929894409535974e-02 4.202338992996155695e-04 9.999998056636136834e-01 -4.605173229235896924e-04 3.688030302075227806e-02 -1.544832036148901687e-03 4.611660048511178212e-04 9.999987004091035470e-01 -1.768115769085557357e-02
9.999991545320348063e-01 4.586445508004636379e-04 1.216791022138185435e-03 2.650611415417378769e-01 -4.584999493166898353e-04 9.999998877947389175e-01 -1.191146760819614906e-04 -8.830197327176256272e-03 -1.216845516904936642e-03 1.185566767523393297e-04 9.999992526153719252e-01 -3.724017525512194129e-03
9.999985664696715570e-01 1.015381835823137686e-04 1.690191882324994493e-03 2.928415176526872887e-01 -1.016218092353804827e-04 9.999999936167580650e-01 4.939121062935457665e-05 1.522398021436018739e-02 -1.690186856442278413e-03 -4.956290018259300128e-05 9.999985704049327850e-01 -2.099178822502762234e-02
9.999989757033670434e-01 3.675221559492692952e-04 1.383300286161758203e-03 1.445465740814896871e-01 -3.674272336569554148e-04 9.999999301268203133e-01 -6.887366958833153409e-05 -9.681548590061546389e-03 -1.383325502105703939e-03 6.836533684380239001e-05 9.999990408679080289e-01 -1.498737171976224913e-04
9.999982432461702597e-01 -2.734727502024861517e-04 1.854377854766428796e-03 -1.432124926259406295e-01 2.734282745455596112e-04 9.999999623247576297e-01 2.423761685208544145e-05 1.236014744184608938e-02 -1.854384413230032594e-03 -2.373053493537493177e-05 9.999982803461762160e-01 -2.547360224018190705e-02
9.999988085224683632e-01 -5.654668443646017123e-04 1.436384660047670568e-03 -3.799234914636631655e-01 5.654261668080129899e-04 9.999998397340398304e-01 2.872533049345284291e-05 3.362056106144722251e-02 -1.436400673066091363e-03 -2.791312679547438370e-05 9.999989679864493830e-01 -4.229560018502290242e-03
9.999985801494498672e-01 -2.296088479060673132e-04 1.669424709670569787e-03 -4.458011415822954460e-01 2.293226878478709578e-04 9.999999589819669188e-01 1.716017753768898230e-04 2.194818728753560044e-02 -1.669464042479994626e-03 -1.712186947664333489e-04 9.999985917859931517e-01 -1.280295987533235091e-02
9.999985977915797353e-01 -2.355038836190849905e-04 1.657996620989195301e-03 -5.100792391933373082e-01 2.356726689832664909e-04 9.999999670672908847e-01 -1.016061526476454624e-04 7.926885686892749111e-03 -1.657972637743326859e-03 1.019967546634764351e-04 9.999986203607456048e-01 -1.160069388055403640e-02
9.999984183580165054e-01 -5.375549248376903545e-04 1.695380832818746061e-03 -3.849325689884725565e-01 5.376262433146824539e-04 9.999998546132677912e-01 -4.161088573287606449e-05 3.854341633209028284e-02 -1.695358218196314423e-03 4.252230114748827076e-05 9.999985619751490251e-01 -9.500032751533493691e-03
9.999981809553866174e-01 -1.994428967968537431e-04 1.896920780846419931e-03 -2.561628698881222022e-01 1.999935446868375793e-04 9.999999379223215579e-01 -2.900998709656772809e-04 1.770852646970238337e-02 -1.896862804731355798e-03 2.904787151720212061e-04 9.999981587651129988e-01 -1.222389974712769813e-02
9.999981269086201108e-01 1.233229866723616549e-05 1.935465619900362090e-03 -2.725014553089954994e-01 -1.239403610812292434e-05 9.999999994148358606e-01 3.188598769538416341e-05 1.281532107181209725e-02 -1.935465225540273235e-03 -3.190991620079454861e-05 9.999981264763039279e-01 -1.556291047998127272e-02
9.999983544745283393e-01 2.350594584117608149e-05 1.813972355394819760e-03 -2.619634422857085032e-01 -2.326868322214197289e-05 9.999999911725760970e-01 -1.308182564317216889e-04 1.510886248596462686e-02 -1.813975414388967590e-03 1.307758324188371417e-04 9.999983461940712415e-01 -6.773128847736523128e-03
9.999979850503670775e-01 -6.484081290450676577e-05 2.006412438850155820e-03 -1.055530150242619536e-01 6.544585558341557891e-05 9.999999524102174409e-01 -3.014903032165128943e-04 3.047383990681787683e-02 -2.006392794489080499e-03 3.016210071074508221e-04 9.999979417042428320e-01 -1.624882413328977357e-02
9.999973628842963036e-01 2.530171811595761846e-04 2.282587733023602305e-03 -1.724362509242538255e-01 -2.532479698143597427e-04 9.999999628504085969e-01 1.008198750658604963e-04 2.837881543243832294e-03 -2.282562139065806312e-03 -1.013976699014960969e-04 9.999973898108903692e-01 -2.672043569897012555e-02
9.999980116498430327e-01 -1.790104928109687997e-04 1.986114700557750027e-03 -3.326020189508578917e-01 1.793249248620635270e-04 9.999999714174399035e-01 -1.581382016064906124e-04 3.453320643868046380e-02 -1.986086335392104902e-03 1.584940470418176161e-04 9.999980151683829366e-01 -1.004265967257530687e-02
9.999969114744862164e-01 4.456452305002207371e-04 2.445085237203143899e-03 -6.129133446078095515e-01 -4.453972217303067953e-04 9.999998956111890713e-01 -1.019751239864891785e-04 -1.878390169542898391e-02 -2.445130426691237251e-03 1.008857748621729000e-04 9.999970055751451481e-01 -2.929648462942542608e-02
9.999974408822545069e-01 3.772272992229059999e-04 2.230678934000693021e-03 -8.637750622015749613e-01 -3.778649901837091685e-04 9.999998878657410106e-01 2.854584988450108618e-04 -2.266418218795780010e-02 -2.230571001126604221e-03 -2.863006637966000636e-04 9.999974712892721884e-01 -1.646670743065675735e-02
9.999970630035753816e-01 5.425208321009592112e-04 2.362129414305520151e-03 -1.130881975659135730e+00 -5.429785445683287491e-04 9.999998339367381917e-01 1.931341404673480645e-04 -2.921810961458890660e-02 -2.362024242748011257e-03 -1.944161588245296897e-04 9.999971915179731718e-01 -1.551771588772647356e-02
9.999959563747234936e-01 3.477362931281373424e-04 2.822465885091319810e-03 -1.426660937532241880e+00 -3.466414551981255210e-04 9.999998644998890907e-01 -3.883811335491980476e-04 -1.927547427118929402e-02 -2.822600556862580549e-03 3.874011793997743868e-04 9.999959414149752757e-01 -3.080717118940373006e-02
9.999959527250426028e-01 5.175540963570262384e-04 2.797618861044859524e-03 -1.705769618554019429e+00 -5.174005098986739562e-04 9.999998646014179871e-01 -5.562246042692293730e-05 -3.137609877109660134e-02 -2.797647269883476139e-03 5.417474588232502018e-05 9.999960851097619008e-01 -2.530179826280227681e-02
9.999959783491554344e-01 7.512237807150842425e-04 2.734766598213596734e-03 -1.572144105050746754e+00 -7.519648620104145854e-04 9.999996808332632936e-01 2.699670682437281316e-04 -2.886867483739126439e-02 -2.734562919685391055e-03 -2.720224309180964721e-04 9.999962240775889244e-01 -2.496841075007796493e-02
9.999957700456201248e-01 9.535179033340824206e-04 2.747852702596329487e-03 -1.359159674079331692e+00 -9.524976855530923334e-04 9.999994769723699051e-01 -3.725629418092394306e-04 -2.870367875427332766e-02 -2.748206510828576921e-03 3.699440425455281702e-04 9.999961552437985901e-01 -1.885210728778146522e-02
9.999958702997059357e-01 8.149462071406008822e-04 2.755947425700512946e-03 -1.197336284587709354e+00 -8.159681759442496529e-04 9.999995987518220941e-01 3.697189887627717994e-04 -9.358928479308869369e-03 -2.755645018794029844e-03 -3.719662273281023018e-04 9.999961340233551876e-01 -1.978232505722168563e-02
9.999946267831900659e-01 1.317780709776183307e-03 3.001642675159376002e-03 -9.845401357168270806e-01 -1.317268540205621900e-03 9.999991175059649295e-01 -1.726003600283990689e-04 -2.771026189818399238e-02 -3.001867475652566022e-03 1.686454631443170692e-04 9.999954801649687530e-01 -3.121052658732355323e-02
9.999949495760712681e-01 1.289465759185756417e-03 2.904840857346988221e-03 -5.202240905743980015e-01 -1.289146047698751327e-03 9.999991627865735255e-01 -1.119313170575763565e-04 7.673848681332071098e-04 -2.904982756975946732e-03 1.081859876465315971e-04 9.999957746765602007e-01 -2.265958340172993801e-02
9.999952866002224106e-01 1.399478239517862582e-03 2.732807712982710923e-03 1.250516348986156767e-02 -1.397728919510510259e-03 9.999988171435348905e-01 -6.419232031266338670e-04 1.435066630012683114e-02 -2.733702838017656751e-03 6.381004531140537167e-04 9.999960598405401857e-01 -1.436903116057025066e-02
9.999949512428842890e-01 1.874713706559710119e-03 2.565723535345371120e-03 3.574890583240197262e-01 -1.873766206677780159e-03 9.999981754382574195e-01 -3.716454747971885278e-04 7.397308244302090718e-04 -2.566415582889949691e-03 3.668360323932451459e-04 9.999966394655440682e-01 -7.722205067709285442e-03
9.999944317839172259e-01 1.750510464016036792e-03 2.841146648092600108e-03 3.562940056575513159e-01 -1.750599134721572692e-03 9.999984672876571778e-01 2.872291732228941490e-05 6.182174478031985873e-03 -2.841092013664734631e-03 -3.369646625064723924e-05 9.999959635222124277e-01 -1.775638781676368988e-02
9.999945934459519847e-01 1.728440877031302975e-03 2.797422206209664291e-03 3.480043105357499278e-01 -1.728455679706680966e-03 9.999985062152362270e-01 2.873933350290042063e-06 7.344586606953334984e-03 -2.797413060039114201e-03 -7.709138113074742287e-06 9.999960872027153780e-01 -1.570919825252217045e-02
9.999949638988658851e-01 1.430007144859135604e-03 2.833241336608765398e-03 1.761425318626228531e-01 -1.429179274071911906e-03 9.999989354452546442e-01 -2.942022435308729034e-04 2.661537299825025502e-02 -2.833659031778538659e-03 2.901515521018955537e-04 9.999959430860549947e-01 -2.108489440621575534e-02
9.999937102153315660e-01 1.570887784514259956e-03 3.179912159794108951e-03 -1.364416424266125805e-01 -1.571005345981410940e-03 9.999987653761613915e-01 3.447253628712547088e-05 8.017917076621583483e-03 -3.179854081312597034e-03 -3.946797846508309294e-05 9.999949434723658381e-01 -3.501838276683574142e-02
9.999949748946992401e-01 1.551274482032448084e-03 2.764730155209877902e-03 -4.751616319627922080e-01 -1.550821094565704846e-03 9.999987836772969985e-01 -1.661260339673790954e-04 -5.365100052141777258e-03 -2.764984499483117038e-03 1.618375973210838328e-04 9.999961643272986533e-01 -1.325730788003452731e-02
9.999927999239726084e-01 1.735153800346705489e-03 3.374809846916231471e-03 -7.200685330291802799e-01 -1.735369538469108989e-03 9.999984923847206053e-01 6.099877726753993027e-05 -1.857836266419487375e-02 -3.374698916741149333e-03 -6.685488027817005274e-05 9.999943034525978769e-01 -3.704682143697935609e-02
9.999938699092555394e-01 1.725980596362243664e-03 3.046495509904955691e-03 -9.308409717069473510e-01 -1.726329828255027902e-03 9.999985036186394005e-01 1.120080624986501377e-04 -2.920018844062784863e-02 -3.046297627443350642e-03 -1.172666319494568331e-04 9.999953531488544600e-01 -1.825148901333523144e-02
9.999933361846586877e-01 1.633674118567687459e-03 3.264765711434636231e-03 -1.125719859277706902e+00 -1.634084764385002617e-03 9.999986573036186988e-01 1.231175961914681631e-04 -1.524351057899881595e-02 -3.264560193815091264e-03 -1.284516796668837757e-04 9.999946630592120300e-01 -2.300159766431605912e-02
9.999929540827907637e-01 1.663272508222704300e-03 3.365309694047754520e-03 -1.237630219108677432e+00 -1.663570254479562489e-03 9.999986125956944472e-01 8.567785322177533637e-05 -1.824633673497180059e-02 -3.365162519384768368e-03 -9.127567864684443246e-05 9.999943336589306453e-01 -2.533391742189986667e-02
9.999932817434226129e-01 1.698034601776062316e-03 3.248560682965985578e-03 -1.472703132121445435e+00 -1.698715320283021406e-03 9.999985357995739843e-01 2.067969264343823645e-04 -2.246214492764490867e-02 -3.248204778085423110e-03 -2.123139169205945712e-04 9.999947020302258904e-01 -1.725581558548814481e-02
9.999916285995719134e-01 2.004162298469590060e-03 3.567360965351732902e-03 -1.675149460841882654e+00 -2.003807409198902437e-03 9.999979870658762815e-01 -1.030536864032087849e-04 -4.740796465840128870e-02 -3.567560320802121848e-03 9.590451936587557835e-05 9.999936316375622747e-01 -3.144273337939239299e-02
9.999926386991763172e-01 1.757923633102808671e-03 3.410608737290335424e-03 -1.717891010211711311e+00 -1.758713957631997862e-03 9.999984273003670321e-01 2.287400439713201919e-04 -3.250923830840082157e-02 -3.410201265898092464e-03 -2.347366453373402441e-04 9.999941576959504586e-01 -2.094048289749616057e-02
9.999922603063969850e-01 1.819907485421744416e-03 3.488160553594832000e-03 -1.739717174139464140e+00 -1.819621319502862967e-03 9.999983408572908905e-01 -8.521102729221341910e-05 -3.042167866095629378e-02 -3.488309842425090825e-03 7.886323647580052341e-05 9.999939127189890753e-01 -2.351947072180172321e-02
9.999911462294910347e-01 2.271092591210004726e-03 3.542541611726528119e-03 -1.708014708529958181e+00 -2.270839137616133523e-03 9.999974187863382991e-01 -7.556634094251537788e-05 -4.746002430219188606e-02 -3.542704085826781698e-03 6.752112975693213399e-05 9.999937223246240237e-01 -2.389770878361870132e-02
9.999912394326773146e-01 2.286338543913357668e-03 3.506239290230203556e-03 -1.628051152636014187e+00 -2.287568137968550019e-03 9.999973234060373084e-01 3.467171404544618844e-04 -3.829932534149859541e-02 -3.505437192689230593e-03 -3.547348643000351287e-04 9.999937930173687928e-01 -2.531378209038830096e-02
9.999915903224241287e-01 2.417069976030056678e-03 3.313164221723174496e-03 -1.372475116362513514e+00 -2.417318496254985353e-03 9.999970757603370286e-01 7.100748164745654390e-05 -3.526768282637269408e-02 -3.312982903184983740e-03 -7.901585765173210578e-05 9.999945089353128314e-01 -1.513567016601712924e-02
9.999925436958675418e-01 2.287301464651783026e-03 3.111399151241547433e-03 -1.047141777073437918e+00 -2.287615664772149875e-03 9.999973786576991097e-01 9.742843896957159209e-05 -2.074117226440092693e-02 -3.111168146988183437e-03 -1.045453979512384187e-04 9.999951548397726375e-01 -8.000982214465929623e-03
9.999902303815011440e-01 2.516655622438894718e-03 3.633949095720362659e-03 -7.404341672355549964e-01 -2.517261074055134659e-03 9.999968185638911100e-01 1.620456146864327873e-04 -1.379216183204250504e-02 -3.633529721536199204e-03 -1.711916301663526203e-04 9.999933840557089226e-01 -3.426032842962873498e-02
9.999912269113760965e-01 2.963079691389571869e-03 2.960786892584562225e-03 -4.381052185905213170e-01 -2.963059147520038378e-03 9.999956100664789682e-01 -1.132514037202869209e-05 -1.367576839826863122e-02 -2.960807452220372022e-03 2.552054329638414151e-06 9.999956167967527509e-01 3.151746812962236133e-03
9.999899493645114656e-01 2.680692465329760979e-03 3.593752616423786118e-03 -2.435458237624292810e-01 -2.680829962661171288e-03 9.999964060096633300e-01 3.344350106783258915e-05 4.102721498325469576e-03 -3.593650048770283701e-03 -4.307740463189476391e-05 9.999935418909785545e-01 -2.606459676989019564e-02
9.999885172007518808e-01 2.742295095309362461e-03 3.930048886681328409e-03 -1.736025879239723457e-01 -2.741593583319505180e-03 9.999962249200364806e-01 -1.838757725826362501e-04 1.135742006292786085e-02 -3.930538292061820822e-03 1.730990643641956044e-04 9.999922604227737821e-01 -4.298070307831591830e-02
9.999879974988915565e-01 3.093426765129895454e-03 3.799416929677966459e-03 -1.030866123236859055e-01 -3.093840275308940620e-03 9.999952087640530118e-01 1.029625604319342393e-04 3.948821555434385913e-03 -3.799080218634749012e-03 -1.147161137434168704e-04 9.999927768887661994e-01 -2.844207272862589453e-02
9.999876936364722191e-01 3.011151285614323530e-03 3.942783730320233160e-03 -1.708032840390976970e-01 -3.011057949396790060e-03 9.999954663164049018e-01 -2.960846753476909375e-05 -5.811573207303378022e-05 -3.942855010561397561e-03 1.773615286827104486e-05 9.999922267596856873e-01 -3.202111820151374438e-02
9.999872407561543053e-01 2.956252817260704348e-03 4.096204850051471912e-03 -1.834067688640597660e-01 -2.955937129889811641e-03 9.999956277537986882e-01 -8.312021513554917671e-05 -3.400334810896406528e-03 -4.096432664805541891e-03 7.101103057655389083e-05 9.999916070632074439e-01 -3.708640850448698123e-02
9.999884035483516120e-01 2.750105498627484005e-03 3.953440092559381072e-03 -1.326828278655146076e-01 -2.748904218699796918e-03 9.999961739350354817e-01 -3.092586081042312217e-04 1.372796117692598288e-02 -3.954275460239398826e-03 2.983873936529221095e-04 9.999921373043629824e-01 -2.952349733572333379e-02
9.999888798333002038e-01 3.303335429293636789e-03 3.365736885600971277e-03 6.875687822718504205e-02 -3.303351986837909076e-03 9.999945439177365669e-01 -6.396847754145094741e-07 -9.168944589453241478e-04 -3.365720634957028792e-03 -1.047853596621042919e-05 9.999943358913627733e-01 -3.680387291207544431e-04
9.999885772917279647e-01 3.304093687651551287e-03 3.453730008120964746e-03 1.286170846706694015e-01 -3.304299738713560933e-03 9.999945393310821773e-01 5.395603342308965037e-05 -7.978619949996403754e-04 -3.453532872655414986e-03 -6.536757626248163435e-05 9.999940344010945781e-01 -5.911568444079973172e-03
9.999883033726547632e-01 3.288131806151610003e-03 3.547013829237801157e-03 2.394932743390761898e-01 -3.287540150922882518e-03 9.999945811261271578e-01 -1.726213707355231180e-04 5.695924088914923814e-03 -3.547562210236771766e-03 1.609584012681797890e-04 9.999936944274986361e-01 -1.032591382128352289e-02
9.999878073069274897e-01 3.295690734222846141e-03 3.677452932066735750e-03 2.938791781012087823e-01 -3.294531738342353251e-03 9.999945214383088032e-01 -3.211759529250242493e-04 1.546886707969928436e-02 -3.678491281526091380e-03 3.090565515242539910e-04 9.999931865697584410e-01 -1.678578900245714448e-02
9.999862471284088894e-01 3.639532725886625558e-03 3.776156190877066887e-03 3.261386595676601940e-01 -3.640131260399356600e-03 9.999933632024026187e-01 1.516428526888460003e-04 -5.406265065202517373e-04 -3.775579220167723724e-03 -1.653864713587274184e-04 9.999928587989352913e-01 -1.798883192560827432e-02
9.999858854328049773e-01 3.593581979840559590e-03 3.913451638034557561e-03 3.338601425317327398e-01 -3.592308676939683781e-03 9.999934924109741274e-01 -3.323463143853712712e-04 3.194105632809841888e-03 -3.914620484626065572e-03 3.182832971848895327e-04 9.999922871913583533e-01 -2.964317211455510387e-02
9.999862487410779988e-01 3.429115936765857967e-03 3.967807031471043931e-03 2.610944803475523379e-01 -3.428921860685588043e-03 9.999941196781034769e-01 -5.571434430081080504e-05 5.206638702777210102e-03 -3.967974750434424651e-03 4.210827788924360947e-05 9.999921266706417455e-01 -2.466897130057275553e-02
9.999859825000261271e-01 3.440166943349441241e-03 4.024929174452020544e-03 1.815285703843457221e-01 -3.440257421226677621e-03 9.999940821759307763e-01 1.555614246862594498e-05 6.171007109869569227e-03 -4.024851839902188894e-03 -2.940271687271962727e-05 9.999918998187670161e-01 -2.294955886316428148e-02
9.999852225748508960e-01 3.576932472849066007e-03 4.093920616051863193e-03 -7.563703521998596524e-02 -3.577352178247352431e-03 9.999935967235780154e-01 9.520102321450780232e-05 -2.828338536894146014e-03 -4.093553873915124069e-03 -1.098450122219180063e-04 9.999916153402260699e-01 -2.478453298540214678e-02
9.999875034996886791e-01 3.016465326283786306e-03 3.986700565062808316e-03 -2.395707310564302306e-01 -3.015562728953888414e-03 9.999954261768125852e-01 -2.323938094434886182e-04 1.450609163122125629e-02 -3.987383338467551455e-03 2.203687596986737623e-04 9.999920260740692290e-01 -2.033493623122197003e-02
9.999885539821553593e-01 2.146377687139659502e-03 4.276092550693534611e-03 -4.656494566940993507e-01 -2.145909584650717693e-03 9.999976910291180632e-01 -1.140547541892446282e-04 6.447422625195232959e-02 -4.276327481899851526e-03 1.048773407271061354e-04 9.999908509701530557e-01 -3.126271522287531884e-02
9.999867457919837666e-01 2.754103624726325725e-03 4.350075123811708404e-03 -7.445966188234349747e-01 -2.755354909188751419e-03 9.999961643305540493e-01 2.816797897851548759e-04 -1.143175980347659049e-02 -4.349282663031409611e-03 -2.936620571903615856e-04 9.999904987063192863e-01 -3.662741492597691717e-02
9.999857464977081056e-01 2.867947458912197337e-03 4.503518490503875121e-03 -7.425328183941019011e-01 -2.868079179141116812e-03 9.999958867927530859e-01 2.279029568872056898e-05 -7.497946208120484513e-03 -4.503434605228374965e-03 -3.570641846267993313e-05 9.999898588494825491e-01 -3.503175234166324564e-02
9.999847865374407174e-01 3.078672840070270037e-03 4.576949553250515140e-03 -6.777130608474993823e-01 -3.078121896875656276e-03 9.999952544545189781e-01 -1.274128320787906677e-04 -2.616366579697580047e-02 -4.577320095553843657e-03 1.133224850476846043e-04 9.999895175944382153e-01 -3.872472398974688423e-02
9.999862972259001559e-01 3.149612286905881416e-03 4.181543121360773232e-03 -4.941518304334844847e-01 -3.149729012787787739e-03 9.999950393637967450e-01 2.132943148409493264e-05 -6.940027430969449018e-03 -4.181455198807105048e-03 -3.449986689928686223e-05 9.999912570828705105e-01 -1.173916973244246501e-02
9.999859604132270707e-01 3.263102531523014768e-03 4.175061473158012647e-03 -3.160190266732051945e-01 -3.262868359941028303e-03 9.999946748527541729e-01 -6.289833232016618365e-05 -4.923318380959888080e-04 -4.175244484048329895e-03 4.927477327199563951e-05 9.999912824147494383e-01 -1.396478046301419772e-02
9.999854404238984751e-01 3.187705066899860096e-03 4.354018446023039980e-03 -1.048728353310290351e-01 -3.188262907356590337e-03 9.999949101338508894e-01 1.211859111194849660e-04 5.202061897783249664e-03 -4.353609979709026183e-03 -1.350659022133912310e-04 9.999905138736799870e-01 -1.992468651202590826e-02
9.999862700495810719e-01 3.286910455425523341e-03 4.081167968150145250e-03 -3.057339165856724772e-02 -3.287657405066213463e-03 9.999945800938881968e-01 1.763282029082057639e-04 6.833599840228646305e-03 -4.080566273589205858e-03 -1.897432640225302138e-04 9.999916564533829488e-01 -2.257230179676758541e-03
9.999856963389246456e-01 3.088285550963441178e-03 4.366876447960136437e-03 4.358070948973070263e-02 -3.086650511062043190e-03 9.999951636607216088e-01 -3.811086316012126936e-04 1.912955361913340480e-02 -4.368032300544369764e-03 3.676241589326724045e-04 9.999903925269978400e-01 -7.889188834933105396e-03
9.999832806171042865e-01 3.394343501268866879e-03 4.681550859399964855e-03 -1.169545839437768492e-01 -3.394200311547693888e-03 9.999942389432184831e-01 -3.853074666437893809e-05 4.781115034657893587e-03 -4.681654675309177872e-03 2.263998106857045934e-05 9.999890407384135482e-01 -2.605485138861088693e-02
9.999813061123024038e-01 3.509896459139712557e-03 5.006800653102624551e-03 -1.911139314834695013e-01 -3.509050262600609330e-03 9.999938274604908139e-01 -1.777840616680525317e-04 -5.882090954426109734e-03 -5.007393752076318497e-03 1.602116230462106267e-04 9.999874500912736552e-01 -3.487984900820174927e-02
9.999821143633887965e-01 3.419557032744796610e-03 4.906891381136323921e-03 -1.984196795884951015e-01 -3.419650954995111410e-03 9.999941529187866829e-01 1.075101109501138515e-05 4.479829940136265121e-03 -4.906825926448313974e-03 -2.753067460389384675e-05 9.999879610782269612e-01 -2.947352398802322374e-02
9.999837028400875294e-01 3.628736590824734650e-03 4.407530485644200850e-03 -1.008521271043643364e-01 -3.629676272618782232e-03 9.999933916458537686e-01 2.052188541505613282e-04 2.768846516012774331e-03 -4.406756673956658231e-03 -2.212134184906648627e-04 9.999902657327420785e-01 -6.875625248069491824e-03
9.999817858570227980e-01 3.467623695669258283e-03 4.939993937704271164e-03 2.911180844538166154e-02 -3.465286333806190302e-03 9.999938798921177430e-01 -4.816315328925389579e-04 1.717804192883960052e-02 -4.941633821324473673e-03 4.645042669055245068e-04 9.999876821696165319e-01 -2.798220280380889560e-02
9.999798505358078460e-01 3.753186595697781403e-03 5.119776631978698901e-03 1.986159084851171763e-01 -3.750982738999140455e-03 9.999928682415261116e-01 -4.399938381387943302e-04 1.267927718696579623e-02 -5.121391497943811495e-03 4.207807787246247615e-04 9.999867970591717059e-01 -3.547625860851588708e-02
9.999790854260774964e-01 4.037824737521663286e-03 5.052195741919172575e-03 2.942077880596724038e-01 -4.037537803626278267e-03 9.999918468670458971e-01 -6.699193253846404768e-05 1.627653029803849231e-03 -5.052425052377997050e-03 4.659210013142039812e-05 9.999872353336648478e-01 -3.380935723831073048e-02
9.999797532375526155e-01 3.984978732653966273e-03 4.961155053381432166e-03 3.669011897769587360e-01 -3.983955088021314157e-03 9.999920406485880431e-01 -2.161974312992961944e-04 -1.063229648286121570e-03 -4.961977107970735011e-03 1.964280350838813402e-04 9.999876700235893479e-01 -2.677518176201220540e-02
9.999800192246730557e-01 3.802552167982417314e-03 5.049925586809341817e-03 2.770330357932837551e-01 -3.802327872204501209e-03 9.999927696663866161e-01 -5.401574961940621149e-05 7.699567210658815088e-04 -5.050094471868447725e-03 3.481319753156511358e-05 9.999872475856211862e-01 -2.472672225637996199e-02
9.999796798961376743e-01 3.652912864457340258e-03 5.224559543416266993e-03 1.939776738593667338e-01 -3.650804495513183985e-03 9.999932504937192324e-01 -4.130297098601044868e-04 5.227793370976830528e-03 -5.226033041759364783e-03 3.939474715853215347e-04 9.999862665977148346e-01 -3.249770264683229937e-02
9.999807132565845524e-01 3.863702977127713486e-03 4.862603639725072459e-03 5.702555538257603890e-02 -3.863448447715989945e-03 9.999925349494861448e-01 -6.173647596662855722e-05 -3.253326368609289754e-03 -4.862805871549263741e-03 4.294886678730325182e-05 9.999881755673166728e-01 -1.174923972782764697e-02
9.999813300293141083e-01 3.609671258067616816e-03 4.930503646968112906e-03 -8.234900675406667259e-02 -3.608208879861678209e-03 9.999934437395839870e-01 -3.054611705027293210e-04 5.247763525625418965e-03 -4.931573935709840199e-03 2.876651805104496235e-04 9.999877983391900482e-01 -1.076611544417990091e-02
9.999813021879971897e-01 3.636361705710198025e-03 4.916517867629830417e-03 -2.120013011324475005e-01 -3.635168250068426289e-03 9.999933610878417589e-01 -2.516585684589317637e-04 1.942218710059454012e-02 -4.917400348880840606e-03 2.337814933410277147e-04 9.999878821865904044e-01 -6.707787142110946919e-03
9.999774200031502636e-01 4.039093111986178687e-03 5.370773750216726976e-03 -1.619946727972934875e-01 -4.039507721646491169e-03 9.999918389540976005e-01 6.635185720866197884e-05 -4.483937135193877266e-04 -5.370461917756200014e-03 -8.804564101915197223e-05 9.999855750893384965e-01 -2.878963973197622150e-02
