1.000000000000000000e+00 0.000000000000000000e+00 0.000000000000000000e+00 0.000000000000000000e+00 0.000000000000000000e+00 1.000000000000000000e+00 0.000000000000000000e+00 0.000000000000000000e+00 0.000000000000000000e+00 0.000000000000000000e+00 1.000000000000000000e+00 0.000000000000000000e+00
9.999999673996553540e-01 1.841573580689086762e-04 -1.768806256886846205e-04 1.965113351132298514e-01 -1.841771568643789576e-04 9.999999767759716329e-01 -1.119233269903350153e-04 -1.658703006939062733e-05 1.768600100765991255e-04 1.119559007123397228e-04 9.999999780932062876e-01 1.135192166579910775e-02
9.999999767307470311e-01 1.384172373349541523e-04 -1.654665340161922597e-04 2.537319870780868625e-02 -1.384014663075766095e-04 9.999999858795523000e-01 9.532014105863524710e-05 -2.823737011011609476e-04 1.654797256303184520e-04 -9.529723802967410208e-05 9.999999817674481983e-01 4.015055861213992494e-03
9.999998305766453210e-01 -2.744192687228508049e-04 5.133621973849961063e-04 -6.270646236668601103e-01 2.744855442638057213e-04 9.999999540038344570e-01 -1.290349372523466002e-04 -1.140033012400892831e-02 -5.133267640991830529e-04 1.291758258929683360e-04 9.999998599046098224e-01 -3.084583420075517543e-02
9.999996933079172701e-01 -6.400143571117503831e-04 4.514041361546053074e-04 -1.042438603291607757e+00 6.399961805055352044e-04 9.999997943859346705e-01 4.041011271706180700e-05 -1.258114957140039382e-02 -4.514299063918772339e-04 -4.012120340059683227e-05 9.999998973006590797e-01 -2.860667782842751805e-02
9.999997755229269591e-01 -5.537804653108021778e-04 3.772019247166832944e-04 -1.434582671442447666e+00 5.537059265278962200e-04 9.999998271650729631e-01 1.976855357816192276e-04 -2.133974392408017479e-02 -3.773113339110065580e-04 -1.974766324645354197e-04 9.999999093195643951e-01 -2.311379930723149803e-02
9.999998813996580083e-01 -3.770009383101209015e-04 3.083357949078835707e-04 -1.394535689045616422e+00 3.769431311089952688e-04 9.999999113754438618e-01 1.875179467449654652e-04 -2.807894950317817162e-02 -3.084064620236334916e-04 -1.874016994453072999e-04 9.999999348830265200e-01 -1.281026887377030229e-02
9.999997690787305604e-01 -4.715742457606769407e-04 4.893467240869437112e-04 -1.545408485129897702e+00 4.716016104381437588e-04 9.999998872387461102e-01 -5.580695360432189132e-05 -3.115940341435571165e-02 -4.893203517855394032e-04 5.603771742045135311e-05 9.999998787126763711e-01 -2.631921301951508155e-02
9.999998154492717450e-01 -5.478456506423532921e-04 2.626148616528002611e-04 -1.451900844110028066e+00 5.478156786746773282e-04 9.999998434296051286e-01 1.141873344862598936e-04 -2.779485690839827994e-02 -2.626773775696444467e-04 -1.140434488742377798e-04 9.999999589973427305e-01 -1.870818421101863582e-02
9.999998383232882038e-01 -4.811943606903299267e-04 3.029940340019752327e-04 -1.308073761861283213e+00 4.812872553270414666e-04 9.999998371823290988e-01 -3.065907585332577749e-04 -2.037444896045367132e-02 -3.028464549251463889e-04 3.067365361316773550e-04 9.999999070983567329e-01 -1.808115259202859593e-02
9.999998756291271773e-01 -4.946136555589572461e-04 6.402391713082758809e-05 -1.382683240714608797e+00 4.946106065864526533e-04 9.999998765458828487e-01 4.762947507694544215e-05 -3.402965544965672051e-02 -6.404746741559158866e-05 -4.759780224473793118e-05 9.999999968161855657e-01 -6.327136831197762226e-03
9.999998195175311411e-01 -6.005769492914773662e-04 1.649948713832244670e-05 -1.163246830571740276e+00 6.005752985877920802e-04 9.999998146677089306e-01 9.986920696987997090e-05 -2.655583440850236079e-02 -1.655946322408482105e-05 -9.985927976082428228e-05 9.999999948769542346e-01 -7.430774457853319727e-03
9.999998055071323000e-01 -6.145626594546130163e-04 1.062940971735787767e-04 -1.164300026489502704e+00 6.145353147814316443e-04 9.999997781238466610e-01 2.570964883731350703e-04 -2.883919562584180696e-02 -1.064520754910844020e-04 -2.570311168932357723e-04 9.999999613014795008e-01 -7.298067047207978074e-03
9.999998345946421452e-01 -4.077064127154632345e-04 4.056922102121978324e-04 -1.277449873171459860e+00 4.078932781642911811e-04 9.999998107202159314e-01 -4.606328319154057486e-04 -2.118420186712493408e-02 -4.055043304633847373e-04 4.607982348498165163e-04 9.999998116155945915e-01 -2.203328198064022359e-02
9.999997262425204259e-01 -5.872468352966065492e-04 4.501733428875484880e-04 -1.325750262581785854e+00 5.874257075428095326e-04 9.999997485372217332e-01 -3.973116302162083935e-04 -1.248568902367280277e-02 -4.499399096882379895e-04 3.975759648436405307e-04 9.999998197436986702e-01 -2.267671565517587889e-02
9.999998810938440785e-01 -3.557762321609941815e-04 3.335199700409012319e-04 -1.411986603379473015e+00 3.557468665091240482e-04 9.999999328410253963e-01 8.810284671095116693e-05 -3.627578903267578148e-02 -3.335512925408875293e-04 -8.798418755072006129e-05 9.999999405011572584e-01 -1.904542262240280226e-02
9.999996493184997171e-01 -7.332125144153420421e-04 4.046755322051456870e-04 -1.279026016291607393e+00 7.333588298749088444e-04 9.999996657394730759e-01 -3.615325280387139575e-04 -1.950119256075694141e-02 -4.044103167641628725e-04 3.618291736307215436e-04 9.999998527659615943e-01 -1.799656103261608464e-02
9.999997593559114550e-01 -6.315122040156603573e-04 2.871941075373125526e-04 -1.008344641396219377e+00 6.314825682825027028e-04 9.999997952825592229e-01 1.032695774883483772e-04 -2.075573965969992885e-02 -2.872592647421572283e-04 -1.030881945645117725e-04 9.999999534274683910e-01 -1.512745798527883462e-02
9.999998297584820062e-01 -3.187528387992158495e-04 4.887531428953955769e-04 -6.107745977588120434e-01 3.188214965182611872e-04 9.999999393198153452e-01 -1.404037710414429230e-04 -1.823763703386756599e-02 -4.887083591371670782e-04 1.405595721473377070e-04 9.999998707035648859e-01 -2.487682881546994171e-02
9.999997994893542463e-01 -5.995262044664388624e-04 2.039352385556435600e-04 -1.060600797613836799e-01 5.995081895942567509e-04 9.999998163889144420e-01 8.838590342153571598e-05 1.090435333809283355e-02 -2.039881907760796931e-04 -8.826362485356017507e-05 9.999999752991749480e-01 -1.211750537427463623e-02
9.999999571186914959e-01 -2.896660351190822312e-04 4.308367645575083746e-05 -1.336543566769837765e-02 2.896591288946247906e-04 9.999999452139067824e-01 1.602178903320856051e-04 -5.278257698542898613e-03 -4.313008377641216052e-05 -1.602054038815410738e-04 9.999999862370121395e-01 -1.028969289306568956e-03
9.999999459329868001e-01 -3.081278433317121888e-04 1.148531918698872265e-04 2.137276795829403525e-02 3.081295937157593127e-04 9.999999524122087369e-01 -1.522280308709828636e-05 1.969796089095234015e-03 -1.148484958347928024e-04 1.525819193139461606e-05 9.999999932885053067e-01 -1.065083143381981290e-03
9.999997176147975564e-01 -5.729926326056469354e-04 4.862610081177079339e-04 -5.046710571324439787e-01 5.730718935157174451e-04 9.999998225298154519e-01 -1.628770780176672702e-04 -2.933197481753002309e-03 -4.861675944551526059e-04 1.631556945402555005e-04 9.999998685106360474e-01 -1.438097967742677993e-02
9.999998355050870869e-01 -3.243879220802942088e-04 4.730351727675211147e-04 -9.400322334594445328e-01 3.243221789736965292e-04 9.999999377398975930e-01 1.390515194381086359e-04 -3.524246266393146060e-02 -4.730802499497555177e-04 -1.388980807668779242e-04 9.999998784511927585e-01 -1.434516049796035093e-02
9.999994802179139608e-01 -7.392497231103626948e-04 7.021921024330724697e-04 -1.308235935824411111e+00 7.394450969347910645e-04 9.999996879641727121e-01 -2.780152978593269388e-04 -1.796941780554322382e-02 -7.019863605920159200e-04 2.785343858592059557e-04 9.999997148168320305e-01 -2.124241039357434302e-02
9.999992705581989272e-01 -7.445681617682674324e-04 9.510527443039691262e-04 -1.646785470988555433e+00 7.442514524876338690e-04 9.999996674938282926e-01 3.333196787906359481e-04 -3.690636031409848944e-02 -9.513006072935804164e-04 -3.326116132669885875e-04 9.999994921982057194e-01 -2.821335584791530293e-02
9.999994499820512583e-01 -6.464119986497475880e-04 8.259461986343890304e-04 -1.695818553194617939e+00 6.464105503234592607e-04 9.999997910746372121e-01 2.020484911356309887e-06 -4.070065336894106156e-02 -8.259473321389695921e-04 -1.486583463256518770e-06 9.999996589043391726e-01 -2.105758462619294197e-02
9.999995860123659375e-01 -5.040831849066147643e-04 7.575455362175584047e-04 -1.643556071910771132e+00 5.041485740665677725e-04 9.999998692080264151e-01 -8.612865576117027225e-05 -4.995831292158311315e-02 -7.575020211295747192e-04 8.651053560684641476e-05 9.999997093532653203e-01 -1.887306516361025518e-02
9.999994221720049925e-01 -7.430564684186563703e-04 7.768672607569532349e-04 -1.656047725568415618e+00 7.431072897715352297e-04 9.999997217746686706e-01 -6.513172117249258386e-05 -3.890427369192155094e-02 -7.768186480660856878e-04 6.570897926221405802e-05 9.999996961175128263e-01 -1.445704908584464349e-02
9.999990903094618799e-01 -9.801706587709510272e-04 9.266313875333829055e-04 -1.444199191268923377e+00 9.806019347152270926e-04 9.999994110583207974e-01 -4.650837097968750630e-04 -1.965804849316866651e-02 -9.261749803953224199e-04 4.659919432460079029e-04 9.999994625255628211e-01 -2.306420159161495786e-02
9.999995179194277606e-01 -5.980126371670578100e-04 7.788079338397289192e-04 -1.075935306293014815e+00 5.979237893702154475e-04 9.999998147102092672e-01 1.143096195870332697e-04 -2.558073895983919641e-02 -7.788761481316327888e-04 -1.138438966895934139e-04 9.999996901957085571e-01 -1.280157110730428122e-02
9.999990003928728166e-01 -7.465427281320260230e-04 1.200786080142559817e-03 -7.079054078368964831e-01 7.465966590286213667e-04 9.999997203080908115e-01 -4.446536822652961930e-05 -8.835728715817253720e-03 -1.200752548995105261e-03 4.536182665427313876e-05 9.999992780675497350e-01 -3.068774411800263141e-02
9.999986993812848279e-01 -1.132925482839185422e-03 1.147917936568391235e-03 -3.359209719090507917e-01 1.132850295131807581e-03 9.999993561371648410e-01 6.614729384462620504e-05 3.041539929163175962e-02 -1.147992137421511476e-03 -6.484678863898927289e-05 9.999993389542547462e-01 -2.384801033265660300e-02
9.999990037069058646e-01 -5.874127813991520276e-04 1.283562004728522289e-03 -1.298296219175690269e-01 5.872043794359731173e-04 9.999998143544708284e-01 1.627330347275238642e-04 1.694135651936542336e-02 -1.283657357905529763e-03 -1.619791593672709553e-04 9.999991629929194659e-01 -3.105962180378582516e-02
9.999991892897824863e-01 -4.946829636065271226e-04 1.173332239074600849e-03 -1.180468410749319214e-01 4.944930275229353573e-04 9.999998645900446403e-01 1.621620737989952997e-04 1.393280928431802485e-02 -1.173412299008985953e-03 -1.615817377213548940e-04 9.999992984972132515e-01 -2.260263095224108662e-02
9.999988493067318851e-01 -6.605084294996968475e-04 1.365691702683096429e-03 -3.861722045411413173e-01 6.605187465364788148e-04 9.999997818322395871e-01 -7.103421608592803704e-06 1.707244343085886906e-02 -1.365686712863345463e-03 8.005478406344886051e-06 9.999990674174225047e-01 -2.135274181168671237e-02
9.999987837197997775e-01 -1.789147755169614550e-04 1.549370331552943304e-03 -6.902293847552763983e-01 1.791876436552932936e-04 9.999999684616807105e-01 -1.759784817531442414e-04 -7.195379319087598369e-03 -1.549338797537848410e-03 1.762558957328615801e-04 9.999987842408357697e-01 -3.343471909219063176e-02
9.999992276452127626e-01 -2.471645826825063781e-04 1.218038852794309842e-03 -9.885817690370365396e-01 2.471415305910893323e-04 9.999999692785834782e-01 1.907605743605083422e-05 -2.159643190860172091e-02 -1.218043530300206342e-03 -1.877501471616755015e-05 9.999992580084532401e-01 -1.727205142420464024e-02
9.999992036524514294e-01 -3.854188689815877796e-05 1.261431324264518372e-03 -1.392821288377632305e+00 3.841748430156852927e-05 9.999999943967022853e-01 9.864427171299087864e-05 -3.611512422840851277e-02 -1.261435119132706725e-03 -9.859573213976949226e-05 9.999991995298405101e-01 -1.774739479463321654e-02
9.999991888047257138e-01 -2.868441083596454414e-04 1.241011824270993671e-03 -1.433980973610156529e+00 2.871055293055726348e-04 9.999999366346202789e-01 -2.104784323210965376e-04 -2.821016401307799640e-02 -1.240951371135559905e-03 2.108345629386687103e-04 9.999992077939269253e-01 -1.785014741351583292e-02
9.999991054982820815e-01 -4.150822692910288150e-04 1.271498857833273845e-03 -1.447764251145005066e+00 4.152541666218162713e-04 9.999999046787075851e-01 -1.349316598622233199e-04 -2.982534198423711716e-02 -1.271442728892784469e-03 1.354595343641919387e-04 9.999991825417167135e-01 -1.699578064335893410e-02
9.999988649805490182e-01 -4.879067424009123663e-04 1.425476981386418918e-03 -1.244112139018975549e+00 4.884251331654261823e-04 9.999998147139820270e-01 -3.633357827224088636e-04 -1.380260311981636526e-02 -1.425299443287319275e-03 3.640316091136860965e-04 9.999989180006568779e-01 -2.288028199373152299e-02
9.999989257316482805e-01 -3.261866976666342186e-04 1.429033865140327125e-03 -1.165811647816102026e+00 3.265443107036714596e-04 9.999999154289164194e-01 -2.500219452435292929e-04 -1.654345134847488158e-02 -1.428952190452721562e-03 2.504883195313307477e-04 9.999989476750659190e-01 -2.318042830911172525e-02
9.999992393824611581e-01 -2.519297647938036110e-04 1.207379763310947613e-03 -9.688543548754728896e-01 2.518735033181641707e-04 9.999999671870957174e-01 4.674982156533812901e-05 -2.108912696658534272e-02 -1.207391501364862320e-03 -4.644567903578331757e-05 9.999992700240142307e-01 -1.422996006306670100e-02
9.999988390240347469e-01 9.728843112506137204e-05 1.520685879395976313e-03 -6.279856941567739659e-01 -9.718486702236276917e-05 9.999999929534791887e-01 -6.817729279476408236e-05 -8.285174856248061354e-03 -1.520692501542285921e-03 6.802942598759389536e-05 9.999988414324852970e-01 -2.988387905587615301e-02
9.999989983895730683e-01 -4.140371310964770105e-04 1.353437514134715356e-03 -2.683889221078665788e-01 4.142851634256110652e-04 9.999998974419957998e-01 -1.829857950810394557e-04 2.538352363568406600e-02 -1.353361612415238504e-03 1.835463208822887653e-04 9.999990673611121039e-01 -1.807350986223654407e-02
9.999987184479037783e-01 -4.195219312538055797e-04 1.545025533520280256e-03 1.343929894410686443e-02 4.202338992996093895e-04 9.999998056636136834e-01 -4.605173229235985286e-04 3.688030302075301359e-02 -1.544832036148912745e-03 4.611660048511266575e-04 9.999987004091035470e-01 -1.768115769085525438e-02
9.999991545320348063e-01 4.586445508004703057e-04 1.216791022138180448e-03 2.650611415417413741e-01 -4.584999493166965032e-04 9.999998877947389175e-01 -1.191146760819449294e-04 -8.830197327176464439e-03 -1.216845516904931654e-03 1.185566767523227414e-04 9.999992526153719252e-01 -3.724017525511999840e-03
9.999985664696715570e-01 1.015381835823256677e-04 1.690191882325007720e-03 2.928415176526818486e-01 -1.016218092353923547e-04 9.999999936167580650e-01 4.939121062933774441e-05 1.522398021435921595e-02 -1.690186856442291640e-03 -4.956290018257619614e-05 9.999985704049327850e-01 -2.099178822502834052e-02
9.999989757033670434e-01 3.675221559492776436e-04 1.383300286161756902e-03 1.445465740814960154e-01 -3.674272336569637631e-04 9.999999301268203133e-01 -6.887366958832582848e-05 -9.681548590061483939e-03 -1.383325502105702638e-03 6.836533684379665729e-05 9.999990408679080289e-01 -1.498737171973796301e-04
9.999982432461702597e-01 -2.734727502024892959e-04 1.854377854766442024e-03 -1.432124926259453479e-01 2.734282745455628638e-04 9.999999623247576297e-01 2.423761685206341860e-05 1.236014744184613101e-02 -1.854384413230045821e-03 -2.373053493535289536e-05 9.999982803461762160e-01 -2.547360224018196603e-02
9.999988085224683632e-01 -5.654668443645891355e-04 1.436384660047691384e-03 -3.799234914636672733e-01 5.654261668080004131e-04 9.999998397340398304e-01 2.872533049342732012e-05 3.362056106144754863e-02 -1.436400673066112179e-03 -2.791312679544886768e-05 9.999989679864493830e-01 -4.229560018502248608e-03
9.999985801494498672e-01 -2.296088479060560104e-04 1.669424709670560680e-03 -4.458011415822981105e-01 2.293226878478596550e-04 9.999999589819669188e-01 1.716017753769035923e-04 2.194818728753517717e-02 -1.669464042479985519e-03 -1.712186947664471183e-04 9.999985917859931517e-01 -1.280295987533177499e-02
9.999985977915797353e-01 -2.355038836190811958e-04 1.657996620989220888e-03 -5.100792391933393066e-01 2.356726689832627504e-04 9.999999670672908847e-01 -1.016061526476853068e-04 7.926885686893047483e-03 -1.657972637743352446e-03 1.019967546635162795e-04 9.999986203607456048e-01 -1.160069388055487080e-02
9.999984183580165054e-01 -5.375549248376741999e-04 1.695380832818748013e-03 -3.849325689884697255e-01 5.376262433146662993e-04 9.999998546132677912e-01 -4.161088573287802283e-05 3.854341633209008161e-02 -1.695358218196316375e-03 4.252230114749021555e-05 9.999985619751490251e-01 -9.500032751533117256e-03
9.999981809553866174e-01 -1.994428967968398111e-04 1.896920780846430123e-03 -2.561628698881179278e-01 1.999935446868236473e-04 9.999999379223215579e-01 -2.900998709656787988e-04 1.770852646970199479e-02 -1.896862804731365990e-03 2.904787151720227239e-04 9.999981587651129988e-01 -1.222389974712831048e-02
9.999981269086201108e-01 1.233229866725343310e-05 1.935465619900372499e-03 -2.725014553089952773e-01 -1.239403610814016484e-05 9.999999994148358606e-01 3.188598769537004846e-05 1.281532107181252572e-02 -1.935465225540283643e-03 -3.190991620078046075e-05 9.999981264763039279e-01 -1.556291047998190069e-02
9.999983544745283393e-01 2.350594584119001010e-05 1.813972355394832554e-03 -2.619634422857110567e-01 -2.326868322215586762e-05 9.999999911725760970e-01 -1.308182564317411504e-04 1.510886248596439094e-02 -1.813975414388980384e-03 1.307758324188566031e-04 9.999983461940712415e-01 -6.773128847737213548e-03
9.999979850503670775e-01 -6.484081290447905085e-05 2.006412438850151917e-03 -1.055530150242418586e-01 6.544585558338783689e-05 9.999999524102174409e-01 -3.014903032164955470e-04 3.047383990681732865e-02 -2.006392794489076595e-03 3.016210071074334749e-04 9.999979417042428320e-01 -1.624882413328944397e-02
9.999973628842963036e-01 2.530171811595646378e-04 2.282587733023614448e-03 -1.724362509242389763e-01 -2.532479698143480875e-04 9.999999628504085969e-01 1.008198750658465101e-04 2.837881543244484550e-03 -2.282562139065818455e-03 -1.013976699014821107e-04 9.999973898108903692e-01 -2.672043569897050372e-02
9.999980116498430327e-01 -1.790104928109538919e-04 1.986114700557754797e-03 -3.326020189508658298e-01 1.793249248620486735e-04 9.999999714174399035e-01 -1.581382016065087999e-04 3.453320643867972828e-02 -1.986086335392109672e-03 1.584940470418357494e-04 9.999980151683829366e-01 -1.004265967257548381e-02
9.999969114744862164e-01 4.456452305002211707e-04 2.445085237203144333e-03 -6.129133446078081082e-01 -4.453972217303072290e-04 9.999998956111890713e-01 -1.019751239864952636e-04 -1.878390169542788757e-02 -2.445130426691237684e-03 1.008857748621789851e-04 9.999970055751451481e-01 -2.929648462942498199e-02
9.999974408822545069e-01 3.772272992229155409e-04 2.230678934000699960e-03 -8.637750622015725188e-01 -3.778649901837186011e-04 9.999998878657410106e-01 2.854584988449880394e-04 -2.266418218795820255e-02 -2.230571001126611160e-03 -2.863006637965772412e-04 9.999974712892721884e-01 -1.646670743065703491e-02
9.999970630035753816e-01 5.425208321009647406e-04 2.362129414305536197e-03 -1.130881975659131955e+00 -5.429785445683342785e-04 9.999998339367381917e-01 1.931341404673337259e-04 -2.921810961458903844e-02 -2.362024242748027303e-03 -1.944161588245154053e-04 9.999971915179731718e-01 -1.551771588772708418e-02
9.999959563747234936e-01 3.477362931281482929e-04 2.822465885091327616e-03 -1.426660937532237439e+00 -3.466414551981363630e-04 9.999998644998890907e-01 -3.883811335492126302e-04 -1.927547427118972076e-02 -2.822600556862588355e-03 3.874011793997889693e-04 9.999959414149752757e-01 -3.080717118940379945e-02
9.999959527250426028e-01 5.175540963570357793e-04 2.797618861044878173e-03 -1.705769618554022315e+00 -5.174005098986834972e-04 9.999998646014179871e-01 -5.562246042695427752e-05 -3.137609877109696216e-02 -2.797647269883494787e-03 5.417474588235633330e-05 9.999960851097619008e-01 -2.530179826280314070e-02
9.999959783491554344e-01 7.512237807150832667e-04 2.734766598213595867e-03 -1.572144105050745422e+00 -7.519648620104136096e-04 9.999996808332632936e-01 2.699670682437160969e-04 -2.886867483739046294e-02 -2.734562919685390187e-03 -2.720224309180844374e-04 9.999962240775889244e-01 -2.496841075007807248e-02
9.999957700456201248e-01 9.535179033340946721e-04 2.747852702596330354e-03 -1.359159674079333469e+00 -9.524976855531043680e-04 9.999994769723699051e-01 -3.725629418092472368e-04 -2.870367875427370929e-02 -2.748206510828577788e-03 3.699440425455358681e-04 9.999961552437985901e-01 -1.885210728778113215e-02
9.999958702997059357e-01 8.149462071406098811e-04 2.755947425700522053e-03 -1.197336284587710464e+00 -8.159681759442586517e-04 9.999995987518220941e-01 3.697189887627523380e-04 -9.358928479309407134e-03 -2.755645018794038951e-03 -3.719662273280828404e-04 9.999961340233551876e-01 -1.978232505722223727e-02
9.999946267831900659e-01 1.317780709776194149e-03 3.001642675159387711e-03 -9.845401357168210854e-01 -1.317268540205632742e-03 9.999991175059649295e-01 -1.726003600284108325e-04 -2.771026189818456484e-02 -3.001867475652577732e-03 1.686454631443287785e-04 9.999954801649687530e-01 -3.121052658732404242e-02
9.999949495760712681e-01 1.289465759185748610e-03 2.904840857347007737e-03 -5.202240905743940047e-01 -1.289146047698743087e-03 9.999991627865735255e-01 -1.119313170576246712e-04 7.673848681327213872e-04 -2.904982756975966248e-03 1.081859876465799118e-04 9.999957746765602007e-01 -2.265958340173114885e-02
9.999952866002224106e-01 1.399478239517877760e-03 2.732807712982724801e-03 1.250516348986298321e-02 -1.397728919510525438e-03 9.999988171435348905e-01 -6.419232031266568521e-04 1.435066630012644777e-02 -2.733702838017670628e-03 6.381004531140767018e-04 9.999960598405401857e-01 -1.436903116057082139e-02
9.999949512428842890e-01 1.874713706559718793e-03 2.565723535345379360e-03 3.574890583240213360e-01 -1.873766206677788832e-03 9.999981754382574195e-01 -3.716454747972030019e-04 7.397308244292064017e-04 -2.566415582889957931e-03 3.668360323932596200e-04 9.999966394655440682e-01 -7.722205067709940300e-03
9.999944317839172259e-01 1.750510464016044165e-03 2.841146648092608348e-03 3.562940056575437664e-01 -1.750599134721579631e-03 9.999984672876571778e-01 2.872291732227318914e-05 6.182174478031711787e-03 -2.841092013664742871e-03 -3.369646625063104397e-05 9.999959635222124277e-01 -1.775638781676464398e-02
9.999945934459519847e-01 1.728440877031314250e-03 2.797422206209676000e-03 3.480043105357504829e-01 -1.728455679706692241e-03 9.999985062152362270e-01 2.873933350271360328e-06 7.344586606952670585e-03 -2.797413060039125911e-03 -7.709138113056110951e-06 9.999960872027153780e-01 -1.570919825252285740e-02
9.999949638988658851e-01 1.430007144859138206e-03 2.833241336608765832e-03 1.761425318626129444e-01 -1.429179274071914509e-03 9.999989354452546442e-01 -2.942022435308888411e-04 2.661537299824980399e-02 -2.833659031778539093e-03 2.901515521019114915e-04 9.999959430860549947e-01 -2.108489440621589411e-02
9.999937102153315660e-01 1.570887784514267329e-03 3.179912159794115022e-03 -1.364416424266241545e-01 -1.571005345981418312e-03 9.999987653761613915e-01 3.447253628712035480e-05 8.017917076622013695e-03 -3.179854081312603106e-03 -3.946797846507800396e-05 9.999949434723658381e-01 -3.501838276683577611e-02
9.999949748946992401e-01 1.551274482032458059e-03 2.764730155209890478e-03 -4.751616319627847140e-01 -1.550821094565714821e-03 9.999987836772969985e-01 -1.661260339674086128e-04 -5.365100052142177979e-03 -2.764984499483129615e-03 1.618375973211132960e-04 9.999961643272986533e-01 -1.325730788003530447e-02
9.999927999239726084e-01 1.735153800346721318e-03 3.374809846916236242e-03 -7.200685330291883846e-01 -1.735369538469124819e-03 9.999984923847206053e-01 6.099877726752389086e-05 -1.857836266419516519e-02 -3.374698916741154103e-03 -6.685488027815407431e-05 9.999943034525978769e-01 -3.704682143697957813e-02
9.999938699092555394e-01 1.725980596362253205e-03 3.046495509904981278e-03 -9.308409717069285882e-01 -1.726329828255037443e-03 9.999985036186394005e-01 1.120080624985980825e-04 -2.920018844062800822e-02 -3.046297627443376229e-03 -1.172666319494048592e-04 9.999953531488544600e-01 -1.825148901333654983e-02
9.999933361846586877e-01 1.633674118567696350e-03 3.264765711434651843e-03 -1.125719859277702906e+00 -1.634084764385011074e-03 9.999986573036186988e-01 1.231175961914372633e-04 -1.524351057899883330e-02 -3.264560193815106877e-03 -1.284516796668529301e-04 9.999946630592120300e-01 -2.300159766431672179e-02
9.999929540827907637e-01 1.663272508222714708e-03 3.365309694047773602e-03 -1.237630219108662333e+00 -1.663570254479572897e-03 9.999986125956944472e-01 8.567785322176736749e-05 -1.824633673497213365e-02 -3.365162519384787450e-03 -9.127567864683651779e-05 9.999943336589306453e-01 -2.533391742190086587e-02
9.999932817434226129e-01 1.698034601776070556e-03 3.248560682966008997e-03 -1.472703132121428116e+00 -1.698715320283029646e-03 9.999985357995739843e-01 2.067969264343314613e-04 -2.246214492764507173e-02 -3.248204778085446529e-03 -2.123139169205437221e-04 9.999947020302258904e-01 -1.725581558548916830e-02
9.999916285995719134e-01 2.004162298469603937e-03 3.567360965351743310e-03 -1.675149460841867333e+00 -2.003807409198916315e-03 9.999979870658762815e-01 -1.030536864032367708e-04 -4.740796465840182994e-02 -3.567560320802132257e-03 9.590451936590348300e-05 9.999936316375622747e-01 -3.144273337939294810e-02
9.999926386991763172e-01 1.757923633102829271e-03 3.410608737290352337e-03 -1.717891010211717306e+00 -1.758713957632018461e-03 9.999984273003670321e-01 2.287400439712855245e-04 -3.250923830840082851e-02 -3.410201265898109377e-03 -2.347366453373056852e-04 9.999941576959504586e-01 -2.094048289749652833e-02
9.999922603063969850e-01 1.819907485421763498e-03 3.488160553594850648e-03 -1.739717174139475242e+00 -1.819621319502882049e-03 9.999983408572908905e-01 -8.521102729226138150e-05 -3.042167866095726869e-02 -3.488309842425109473e-03 7.886323647584837738e-05 9.999939127189890753e-01 -2.351947072180250037e-02
9.999911462294910347e-01 2.271092591210024676e-03 3.542541611726553706e-03 -1.708014708529953962e+00 -2.270839137616153473e-03 9.999974187863382991e-01 -7.556634094257351822e-05 -4.746002430219274648e-02 -3.542704085826808152e-03 6.752112975699013880e-05 9.999937223246240237e-01 -2.389770878362078993e-02
9.999912394326773146e-01 2.286338543913351597e-03 3.506239290230225673e-03 -1.628051152635991539e+00 -2.287568137968543948e-03 9.999973234060373084e-01 3.467171404544274610e-04 -3.829932534149790846e-02 -3.505437192689252711e-03 -3.547348643000007053e-04 9.999937930173687928e-01 -2.531378209038988650e-02
9.999915903224241287e-01 2.417069976030057979e-03 3.313164221723179266e-03 -1.372475116362505299e+00 -2.417318496254986654e-03 9.999970757603370286e-01 7.100748164744021310e-05 -3.526768282637268714e-02 -3.312982903184988510e-03 -7.901585765171577499e-05 9.999945089353128314e-01 -1.513567016601747098e-02
9.999925436958675418e-01 2.287301464651787363e-03 3.111399151241566515e-03 -1.047141777073447244e+00 -2.287615664772154212e-03 9.999973786576991097e-01 9.742843896953257436e-05 -2.074117226440074652e-02 -3.111168146988202519e-03 -1.045453979511994552e-04 9.999951548397726375e-01 -8.000982214466517695e-03
9.999902303815011440e-01 2.516655622438890381e-03 3.633949095720382608e-03 -7.404341672355537751e-01 -2.517261074055130322e-03 9.999968185638911100e-01 1.620456146863930242e-04 -1.379216183204221881e-02 -3.633529721536220020e-03 -1.711916301663129114e-04 9.999933840557089226e-01 -3.426032842962950520e-02
9.999912269113760965e-01 2.963079691389580109e-03 2.960786892584569598e-03 -4.381052185905205953e-01 -2.963059147520046618e-03 9.999956100664789682e-01 -1.132514037204620365e-05 -1.367576839826867806e-02 -2.960807452220379395e-03 2.552054329655879971e-06 9.999956167967527509e-01 3.151746812962152866e-03
9.999899493645114656e-01 2.680692465329753173e-03 3.593752616423789153e-03 -2.435458237624247291e-01 -2.680829962661163482e-03 9.999964060096633300e-01 3.344350106784520655e-05 4.102721498325885910e-03 -3.593650048770286737e-03 -4.307740463190735421e-05 9.999935418909785545e-01 -2.606459676988989727e-02
9.999885172007518808e-01 2.742295095309378941e-03 3.930048886681348358e-03 -1.736025879239636305e-01 -2.741593583319521660e-03 9.999962249200364806e-01 -1.838757725826486100e-04 1.135742006292762320e-02 -3.930538292061840772e-03 1.730990643642078559e-04 9.999922604227737821e-01 -4.298070307831600850e-02
9.999879974988915565e-01 3.093426765129895020e-03 3.799416929677970362e-03 -1.030866123236854892e-01 -3.093840275308940187e-03 9.999952087640530118e-01 1.029625604319326401e-04 3.948821555434507344e-03 -3.799080218634752915e-03 -1.147161137434152712e-04 9.999927768887661994e-01 -2.844207272862610963e-02
9.999876936364722191e-01 3.011151285614322229e-03 3.942783730320247905e-03 -1.708032840390960039e-01 -3.011057949396788759e-03 9.999954663164049018e-01 -2.960846753479181795e-05 -5.811573207376973665e-05 -3.942855010561412306e-03 1.773615286829372840e-05 9.999922267596856873e-01 -3.202111820151424398e-02
9.999872407561543053e-01 2.956252817260682664e-03 4.096204850051490994e-03 -1.834067688640271254e-01 -2.955937129889789957e-03 9.999956277537986882e-01 -8.312021513556672723e-05 -3.400334810895102016e-03 -4.096432664805560973e-03 7.101103057657146846e-05 9.999916070632074439e-01 -3.708640850448843840e-02
9.999884035483516120e-01 2.750105498627489209e-03 3.953440092559384542e-03 -1.326828278655008964e-01 -2.748904218699802122e-03 9.999961739350354817e-01 -3.092586081042215723e-04 1.372796117692569144e-02 -3.954275460239402296e-03 2.983873936529124601e-04 9.999921373043629824e-01 -2.952349733572323318e-02
9.999888798333002038e-01 3.303335429293638523e-03 3.365736885600968242e-03 6.875687822717543862e-02 -3.303351986837910811e-03 9.999945439177365669e-01 -6.396847754078272311e-07 -9.168944589446961779e-04 -3.365720634957025757e-03 -1.047853596621710719e-05 9.999943358913627733e-01 -3.680387291208446487e-04
9.999885772917279647e-01 3.304093687651554756e-03 3.453730008120974287e-03 1.286170846706738979e-01 -3.304299738713564402e-03 9.999945393310821773e-01 5.395603342307886933e-05 -7.978619949996212934e-04 -3.453532872655424527e-03 -6.536757626247088719e-05 9.999940344010945781e-01 -5.911568444079869089e-03
9.999883033726547632e-01 3.288131806151610437e-03 3.547013829237811999e-03 2.394932743390871255e-01 -3.287540150922882085e-03 9.999945811261271578e-01 -1.726213707355367518e-04 5.695924088914299313e-03 -3.547562210236782608e-03 1.609584012681934228e-04 9.999936944274986361e-01 -1.032591382128438331e-02
9.999878073069274897e-01 3.295690734222846575e-03 3.677452932066770010e-03 2.938791781012202176e-01 -3.294531738342353685e-03 9.999945214383088032e-01 -3.211759529250825793e-04 1.546886707969786015e-02 -3.678491281526125641e-03 3.090565515243122127e-04 9.999931865697584410e-01 -1.678578900245941696e-02
9.999862471284088894e-01 3.639532725886622955e-03 3.776156190877073392e-03 3.261386595676614153e-01 -3.640131260399353998e-03 9.999933632024026187e-01 1.516428526888365677e-04 -5.406265065200817344e-04 -3.775579220167730229e-03 -1.653864713587180400e-04 9.999928587989352913e-01 -1.798883192560833677e-02
9.999858854328049773e-01 3.593581979840584310e-03 3.913451638034548888e-03 3.338601425317236915e-01 -3.592308676939708501e-03 9.999934924109741274e-01 -3.323463143853723554e-04 3.194105632808374312e-03 -3.914620484626056898e-03 3.182832971848905085e-04 9.999922871913583533e-01 -2.964317211455439610e-02
9.999862487410779988e-01 3.429115936765869243e-03 3.967807031471050003e-03 2.610944803475541698e-01 -3.428921860685599319e-03 9.999941196781034769e-01 -5.571434430081417962e-05 5.206638702776410395e-03 -3.967974750434430722e-03 4.210827788924691628e-05 9.999921266706417455e-01 -2.466897130057299839e-02
9.999859825000261271e-01 3.440166943349447747e-03 4.024929174452039626e-03 1.815285703843467491e-01 -3.440257421226684126e-03 9.999940821759307763e-01 1.555614246859338164e-05 6.171007109869021921e-03 -4.024851839902207976e-03 -2.940271687268715203e-05 9.999918998187670161e-01 -2.294955886316554089e-02
9.999852225748508960e-01 3.576932472849057333e-03 4.093920616051855386e-03 -7.563703521998968449e-02 -3.577352178247343757e-03 9.999935967235780154e-01 9.520102321452059591e-05 -2.828338536894357651e-03 -4.093553873915116263e-03 -1.098450122219307457e-04 9.999916153402260699e-01 -2.478453298540195249e-02
9.999875034996886791e-01 3.016465326283801918e-03 3.986700565062794438e-03 -2.395707310564394177e-01 -3.015562728953904894e-03 9.999954261768125852e-01 -2.323938094434642237e-04 1.450609163122019638e-02 -3.987383338467537577e-03 2.203687596986493135e-04 9.999920260740692290e-01 -2.033493623122134553e-02
9.999885539821553593e-01 2.146377687139660369e-03 4.276092550693547621e-03 -4.656494566941049018e-01 -2.145909584650718561e-03 9.999976910291180632e-01 -1.140547541892579774e-04 6.447422625195235735e-02 -4.276327481899864537e-03 1.048773407271194304e-04 9.999908509701530557e-01 -3.126271522287596416e-02
9.999867457919837666e-01 2.754103624726328328e-03 4.350075123811720547e-03 -7.445966188234398597e-01 -2.755354909188754021e-03 9.999961643305540493e-01 2.816797897851256024e-04 -1.143175980347627130e-02 -4.349282663031421754e-03 -2.936620571903323122e-04 9.999904987063192863e-01 -3.662741492597794413e-02
9.999857464977081056e-01 2.867947458912193433e-03 4.503518490503903744e-03 -7.425328183940751448e-01 -2.868079179141112909e-03 9.999958867927530859e-01 2.279029568866876445e-05 -7.497946208119055100e-03 -4.503434605228403588e-03 -3.570641846262818958e-05 9.999898588494825491e-01 -3.503175234166373136e-02
9.999847865374407174e-01 3.078672840070279144e-03 4.576949553250522947e-03 -6.777130608474930540e-01 -3.078121896875665384e-03 9.999952544545189781e-01 -1.274128320788133276e-04 -2.616366579697550210e-02 -4.577320095553851463e-03 1.133224850477071964e-04 9.999895175944382153e-01 -3.872472398974710628e-02
9.999862972259001559e-01 3.149612286905893125e-03 4.181543121360784508e-03 -4.941518304334754919e-01 -3.149729012787799449e-03 9.999950393637967450e-01 2.132943148409456672e-05 -6.940027430969733513e-03 -4.181455198807116323e-03 -3.449986689928658440e-05 9.999912570828705105e-01 -1.173916973244251705e-02
9.999859604132270707e-01 3.263102531523011298e-03 4.175061473158015249e-03 -3.160190266732015307e-01 -3.262868359941024834e-03 9.999946748527541729e-01 -6.289833232018044091e-05 -4.923318380955533924e-04 -4.175244484048332497e-03 4.927477327200990354e-05 9.999912824147494383e-01 -1.396478046301448048e-02
9.999854404238984751e-01 3.187705066899862699e-03 4.354018446023032174e-03 -1.048728353310310613e-01 -3.188262907356592939e-03 9.999949101338508894e-01 1.211859111195086287e-04 5.202061897783175938e-03 -4.353609979709018377e-03 -1.350659022134148666e-04 9.999905138736799870e-01 -1.992468651202533234e-02
9.999862700495810719e-01 3.286910455425527244e-03 4.081167968150145250e-03 -3.057339165856602647e-02 -3.287657405066217366e-03 9.999945800938881968e-01 1.763282029082060621e-04 6.833599840228713959e-03 -4.080566273589205858e-03 -1.897432640225305662e-04 9.999916564533829488e-01 -2.257230179677018750e-03
9.999856963389246456e-01 3.088285550963442479e-03 4.366876447960152917e-03 4.358070948974472614e-02 -3.086650511062044491e-03 9.999951636607216088e-01 -3.811086316012194698e-04 1.912955361913391134e-02 -4.368032300544386244e-03 3.676241589326791808e-04 9.999903925269978400e-01 -7.889188834933882552e-03
9.999832806171042865e-01 3.394343501268885527e-03 4.681550859399965722e-03 -1.169545839437767104e-01 -3.394200311547712536e-03 9.999942389432184831e-01 -3.853074666437376780e-05 4.781115034656654994e-03 -4.681654675309178740e-03 2.263998106856520434e-05 9.999890407384135482e-01 -2.605485138861035610e-02
9.999813061123024038e-01 3.509896459139700414e-03 5.006800653102619347e-03 -1.911139314834713332e-01 -3.509050262600597186e-03 9.999938274604908139e-01 -1.777840616680196532e-04 -5.882090954425297016e-03 -5.007393752076313292e-03 1.602116230461778025e-04 9.999874500912736552e-01 -3.487984900820098599e-02
9.999821143633887965e-01 3.419557032744792273e-03 4.906891381136338666e-03 -1.984196795884875519e-01 -3.419650954995107073e-03 9.999941529187866829e-01 1.075101109500394990e-05 4.479829940136525329e-03 -4.906825926448328719e-03 -2.753067460388644030e-05 9.999879610782269612e-01 -2.947352398802363660e-02
9.999837028400875294e-01 3.628736590824736818e-03 4.407530485644201718e-03 -1.008521271043634898e-01 -3.629676272618784401e-03 9.999933916458537686e-01 2.052188541505737965e-04 2.768846516012635553e-03 -4.406756673956659098e-03 -2.212134184906773852e-04 9.999902657327420785e-01 -6.875625248069616724e-03
9.999817858570227980e-01 3.467623695669260018e-03 4.939993937704274633e-03 2.911180844538292095e-02 -3.465286333806192037e-03 9.999938798921177430e-01 -4.816315328925231828e-04 1.717804192883947562e-02 -4.941633821324477142e-03 4.645042669055087317e-04 9.999876821696165319e-01 -2.798220280380888866e-02
9.999798505358078460e-01 3.753186595697793979e-03 5.119776631978709310e-03 1.986159084851253920e-01 -3.750982738999153032e-03 9.999928682415261116e-01 -4.399938381388031664e-04 1.267927718696482131e-02 -5.121391497943821904e-03 4.207807787246334893e-04 9.999867970591717059e-01 -3.547625860851645607e-02
9.999790854260774964e-01 4.037824737521673694e-03 5.052195741919186453e-03 2.942077880596792316e-01 -4.037537803626288675e-03 9.999918468670458971e-01 -6.699193253849043445e-05 1.627653029803124117e-03 -5.052425052378010928e-03 4.659210013144667647e-05 9.999872353336648478e-01 -3.380935723831172274e-02
9.999797532375526155e-01 3.984978732653993161e-03 4.961155053381433901e-03 3.669011897769656194e-01 -3.983955088021341046e-03 9.999920406485880431e-01 -2.161974312993048409e-04 -1.063229648287696699e-03 -4.961977107970736746e-03 1.964280350838898241e-04 9.999876700235893479e-01 -2.677518176201188274e-02
9.999800192246730557e-01 3.802552167982421218e-03 5.049925586809348756e-03 2.770330357932750953e-01 -3.802327872204505112e-03 9.999927696663866161e-01 -5.401574961942398563e-05 7.699567210657991094e-04 -5.050094471868454664e-03 3.481319753158284707e-05 9.999872475856211862e-01 -2.472672225638027771e-02
9.999796798961376743e-01 3.652912864457351968e-03 5.224559543416288677e-03 1.939776738593766425e-01 -3.650804495513195694e-03 9.999932504937192324e-01 -4.130297098601124015e-04 5.227793370976459297e-03 -5.226033041759386467e-03 3.939474715853292326e-04 9.999862665977148346e-01 -3.249770264683354837e-02
9.999807132565845524e-01 3.863702977127709583e-03 4.862603639725078530e-03 5.702555538257721851e-02 -3.863448447715986042e-03 9.999925349494861448e-01 -6.173647596663831504e-05 -3.253326368609235977e-03 -4.862805871549269812e-03 4.294886678731300964e-05 9.999881755673166728e-01 -1.174923972782827147e-02
9.999813300293141083e-01 3.609671258067628525e-03 4.930503646968121580e-03 -8.234900675407152981e-02 -3.608208879861689051e-03 9.999934437395839870e-01 -3.054611705027384283e-04 5.247763525625245493e-03 -4.931573935709848873e-03 2.876651805104586223e-04 9.999877983391900482e-01 -1.076611544418025652e-02
9.999813021879971897e-01 3.636361705710206699e-03 4.916517867629848632e-03 -2.120013011324411445e-01 -3.635168250068434963e-03 9.999933610878417589e-01 -2.516585684589444489e-04 1.942218710059417236e-02 -4.917400348880858821e-03 2.337814933410403185e-04 9.999878821865904044e-01 -6.707787142111813414e-03
9.999774200031502636e-01 4.039093111986178687e-03 5.370773750216750395e-03 -1.619946727972927381e-01 -4.039507721646491169e-03 9.999918389540976005e-01 6.635185720862480426e-05 -4.483937135190962930e-04 -5.370461917756225168e-03 -8.804564101911490606e-05 9.999855750893384965e-01 -2.878963973197648518e-02
