1.000000000000000000e+00 0.000000000000000000e+00 0.000000000000000000e+00 0.000000000000000000e+00 0.000000000000000000e+00 1.000000000000000000e+00 0.000000000000000000e+00 0.000000000000000000e+00 0.000000000000000000e+00 0.000000000000000000e+00 1.000000000000000000e+00 0.000000000000000000e+00
9.999999673996553540e-01 1.841573580689088660e-04 -1.768806256886848102e-04 1.965113351132298514e-01 -1.841771568643791473e-04 9.999999767759716329e-01 -1.119233269903354761e-04 -1.658703006947028909e-05 1.768600100765993152e-04 1.119559007123401836e-04 9.999999780932062876e-01 1.135192166579919969e-02
9.999999767307470311e-01 1.384172373349525803e-04 -1.654665340162000118e-04 2.537319870780957443e-02 -1.384014663075750374e-04 9.999999858795523000e-01 9.532014105865384117e-05 -2.823737011014308598e-04 1.654797256303262040e-04 -9.529723802969269615e-05 9.999999817674481983e-01 4.015055861214304744e-03
9.999998305766453210e-01 -2.744192687228515638e-04 5.133621973849839632e-04 -6.270646236668636631e-01 2.744855442638064803e-04 9.999999540038344570e-01 -1.290349372523210672e-04 -1.140033012400894219e-02 -5.133267640991709098e-04 1.291758258929428030e-04 9.999998599046098224e-01 -3.084583420075447807e-02
9.999996933079172701e-01 -6.400143571117539610e-04 4.514041361545980432e-04 -1.042438603291607979e+00 6.399961805055387823e-04 9.999997943859346705e-01 4.041011271707899160e-05 -1.258114957140026892e-02 -4.514299063918699698e-04 -4.012120340061401687e-05 9.999998973006590797e-01 -2.860667782842746254e-02
9.999997755229269591e-01 -5.537804653108086830e-04 3.772019247166850291e-04 -1.434582671442445889e+00 5.537059265279027252e-04 9.999998271650729631e-01 1.976855357816197697e-04 -2.133974392407949477e-02 -3.773113339110082927e-04 -1.974766324645359618e-04 9.999999093195643951e-01 -2.311379930723143905e-02
9.999998813996580083e-01 -3.770009383101226362e-04 3.083357949078776618e-04 -1.394535689045603988e+00 3.769431311089970035e-04 9.999999113754438618e-01 1.875179467449780148e-04 -2.807894950317818897e-02 -3.084064620236275827e-04 -1.874016994453198495e-04 9.999999348830265200e-01 -1.281026887377061454e-02
9.999997690787305604e-01 -4.715742457606713028e-04 4.893467240869494575e-04 -1.545408485129899478e+00 4.716016104381381209e-04 9.999998872387461102e-01 -5.580695360432073258e-05 -3.115940341435591635e-02 -4.893203517855451495e-04 5.603771742045019437e-05 9.999998787126763711e-01 -2.631921301951550135e-02
9.999998154492717450e-01 -5.478456506423583878e-04 2.626148616527897986e-04 -1.451900844110030508e+00 5.478156786746824240e-04 9.999998434296051286e-01 1.141873344862870664e-04 -2.779485690839829382e-02 -2.626773775696339842e-04 -1.140434488742649526e-04 9.999999589973427305e-01 -1.870818421101820214e-02
9.999998383232882038e-01 -4.811943606903310109e-04 3.029940340019672638e-04 -1.308073761861283657e+00 4.812872553270425508e-04 9.999998371823290988e-01 -3.065907585332463907e-04 -2.037444896045327233e-02 -3.028464549251384200e-04 3.067365361316659708e-04 9.999999070983567329e-01 -1.808115259202862021e-02
9.999998756291271773e-01 -4.946136555589504156e-04 6.402391713081017309e-05 -1.382683240714617012e+00 4.946106065864458229e-04 9.999998765458828487e-01 4.762947507698651986e-05 -3.402965544965646377e-02 -6.404746741557420077e-05 -4.759780224477902245e-05 9.999999968161855657e-01 -6.327136831196946906e-03
9.999998195175311411e-01 -6.005769492914744389e-04 1.649948713830296155e-05 -1.163246830571745383e+00 6.005752985877891529e-04 9.999998146677089306e-01 9.986920696991107395e-05 -2.655583440850227059e-02 -1.655946322406535624e-05 -9.985927976085541243e-05 9.999999948769542346e-01 -7.430774457852308383e-03
9.999998055071323000e-01 -6.145626594546135585e-04 1.062940971735635708e-04 -1.164300026489506923e+00 6.145353147814321864e-04 9.999997781238466610e-01 2.570964883731643980e-04 -2.883919562584195961e-02 -1.064520754910692232e-04 -2.570311168932650999e-04 9.999999613014795008e-01 -7.298067047206890402e-03
9.999998345946421452e-01 -4.077064127154697397e-04 4.056922102121831956e-04 -1.277449873171462302e+00 4.078932781642976863e-04 9.999998107202159314e-01 -4.606328319154086217e-04 -2.118420186712431999e-02 -4.055043304633701006e-04 4.607982348498193895e-04 9.999998116155945915e-01 -2.203328198063975174e-02
9.999997262425204259e-01 -5.872468352966100187e-04 4.501733428875402481e-04 -1.325750262581786743e+00 5.874257075428130021e-04 9.999997485372217332e-01 -3.973116302161999367e-04 -1.248568902367230143e-02 -4.499399096882297495e-04 3.975759648436320739e-04 9.999998197436986702e-01 -2.267671565517562909e-02
9.999998810938440785e-01 -3.557762321610036683e-04 3.335199700409016655e-04 -1.411986603379472349e+00 3.557468665091335349e-04 9.999999328410253963e-01 8.810284671095620847e-05 -3.627578903267538596e-02 -3.335512925408879630e-04 -8.798418755072510283e-05 9.999999405011572584e-01 -1.904542262240296879e-02
9.999996493184997171e-01 -7.332125144153476800e-04 4.046755322051405913e-04 -1.279026016291611167e+00 7.333588298749144823e-04 9.999996657394730759e-01 -3.615325280387069102e-04 -1.950119256075611568e-02 -4.044103167641577767e-04 3.618291736307144963e-04 9.999998527659615943e-01 -1.799656103261572382e-02
9.999997593559114550e-01 -6.315122040156615499e-04 2.871941075373022527e-04 -1.008344641396228702e+00 6.314825682825038955e-04 9.999997952825592229e-01 1.032695774883686518e-04 -2.075573965970006415e-02 -2.872592647421470368e-04 -1.030881945645320471e-04 9.999999534274683910e-01 -1.512745798527881901e-02
9.999998297584820062e-01 -3.187528387992097237e-04 4.887531428953795307e-04 -6.107745977588197039e-01 3.188214965182549531e-04 9.999999393198153452e-01 -1.404037710414028075e-04 -1.823763703386781232e-02 -4.887083591371510320e-04 1.405595721472975915e-04 9.999998707035648859e-01 -2.487682881546918190e-02
9.999997994893542463e-01 -5.995262044664438498e-04 2.039352385556425843e-04 -1.060600797613868163e-01 5.995081895942617383e-04 9.999998163889144420e-01 8.838590342153235496e-05 1.090435333809300356e-02 -2.039881907760787174e-04 -8.826362485355681404e-05 9.999999752991749480e-01 -1.211750537427453214e-02
9.999999571186914959e-01 -2.896660351190950247e-04 4.308367645575230791e-05 -1.336543566769882174e-02 2.896591288946375842e-04 9.999999452139067824e-01 1.602178903320759828e-04 -5.278257698541864718e-03 -4.313008377641363097e-05 -1.602054038815314515e-04 9.999999862370121395e-01 -1.028969289306480486e-03
9.999999459329868001e-01 -3.081278433317110503e-04 1.148531918698797048e-04 2.137276795829630427e-02 3.081295937157581743e-04 9.999999524122087369e-01 -1.522280308708844723e-05 1.969796089094817682e-03 -1.148484958347853078e-04 1.525819193138477693e-05 9.999999932885053067e-01 -1.065083143381460873e-03
9.999997176147975564e-01 -5.729926326056392375e-04 4.862610081177278290e-04 -5.046710571324558581e-01 5.730718935157097472e-04 9.999998225298154519e-01 -1.628770780176901469e-04 -2.933197481753321498e-03 -4.861675944551725010e-04 1.631556945402783771e-04 9.999998685106360474e-01 -1.438097967742763168e-02
9.999998355050870869e-01 -3.243879220803003345e-04 4.730351727675245299e-04 -9.400322334594477525e-01 3.243221789737026550e-04 9.999999377398975930e-01 1.390515194380870603e-04 -3.524246266393066956e-02 -4.730802499497589329e-04 -1.388980807668563485e-04 9.999998784511927585e-01 -1.434516049796149412e-02
9.999994802179139608e-01 -7.392497231103696336e-04 7.021921024330661813e-04 -1.308235935824418661e+00 7.394450969347980034e-04 9.999996879641727121e-01 -2.780152978593229273e-04 -1.796941780554324464e-02 -7.019863605920096316e-04 2.785343858592019442e-04 9.999997148168320305e-01 -2.124241039357420771e-02
9.999992705581989272e-01 -7.445681617682756723e-04 9.510527443039664157e-04 -1.646785470988550548e+00 7.442514524876421090e-04 9.999996674938282926e-01 3.333196787906495006e-04 -3.690636031409855883e-02 -9.513006072935777059e-04 -3.326116132670021400e-04 9.999994921982057194e-01 -2.821335584791532722e-02
9.999994499820512583e-01 -6.464119986497579963e-04 8.259461986343723337e-04 -1.695818553194618161e+00 6.464105503234696690e-04 9.999997910746372121e-01 2.020484911377242612e-06 -4.070065336894038849e-02 -8.259473321389528954e-04 -1.486583463277453824e-06 9.999996589043391726e-01 -2.105758462619222726e-02
9.999995860123659375e-01 -5.040831849066218116e-04 7.575455362175479964e-04 -1.643556071910758032e+00 5.041485740665748198e-04 9.999998692080264151e-01 -8.612865576115144779e-05 -4.995831292158278009e-02 -7.575020211295645277e-04 8.651053560682759030e-05 9.999997093532653203e-01 -1.887306516361002273e-02
9.999994221720049925e-01 -7.430564684186604903e-04 7.768672607569503076e-04 -1.656047725568421614e+00 7.431072897715393496e-04 9.999997217746686706e-01 -6.513172117249013085e-05 -3.890427369192133583e-02 -7.768186480660827604e-04 6.570897926221160501e-05 9.999996961175128263e-01 -1.445704908584462961e-02
9.999990903094618799e-01 -9.801706587709642544e-04 9.266313875333694614e-04 -1.444199191268933591e+00 9.806019347152403198e-04 9.999994110583207974e-01 -4.650837097968862845e-04 -1.965804849316850345e-02 -9.261749803953087589e-04 4.659919432460191244e-04 9.999994625255628211e-01 -2.306420159161440622e-02
9.999995179194277606e-01 -5.980126371670662667e-04 7.788079338397317381e-04 -1.075935306293019478e+00 5.979237893702239043e-04 9.999998147102092672e-01 1.143096195870293530e-04 -2.558073895983916518e-02 -7.788761481316356077e-04 -1.138438966895894972e-04 9.999996901957085571e-01 -1.280157110730528042e-02
9.999990003928728166e-01 -7.465427281320243967e-04 1.200786080142546373e-03 -7.079054078368935965e-01 7.465966590286197404e-04 9.999997203080908115e-01 -4.446536822650229740e-05 -8.835728715817142698e-03 -1.200752548995091817e-03 4.536182665424580332e-05 9.999992780675497350e-01 -3.068774411800187854e-02
9.999986993812848279e-01 -1.132925482839199733e-03 1.147917936568381043e-03 -3.359209719090582857e-01 1.132850295131821892e-03 9.999993561371648410e-01 6.614729384463771114e-05 3.041539929163218636e-02 -1.147992137421501285e-03 -6.484678863900077898e-05 9.999993389542547462e-01 -2.384801033265621789e-02
9.999990037069058646e-01 -5.874127813991528949e-04 1.283562004728502556e-03 -1.298296219175728017e-01 5.872043794359739846e-04 9.999998143544708284e-01 1.627330347275525414e-04 1.694135651936577031e-02 -1.283657357905510030e-03 -1.619791593672996325e-04 9.999991629929194659e-01 -3.105962180378500290e-02
9.999991892897824863e-01 -4.946829636065383983e-04 1.173332239074593693e-03 -1.180468410749328095e-01 4.944930275229466330e-04 9.999998645900446403e-01 1.621620737990021302e-04 1.393280928431826077e-02 -1.173412299008978798e-03 -1.615817377213617245e-04 9.999992984972132515e-01 -2.260263095224081600e-02
9.999988493067318851e-01 -6.605084294997055211e-04 1.365691702683085804e-03 -3.861722045411330462e-01 6.605187465364872716e-04 9.999997818322395871e-01 -7.103421608569985483e-06 1.707244343085931315e-02 -1.365686712863334838e-03 8.005478406322072066e-06 9.999990674174225047e-01 -2.135274181168637930e-02
9.999987837197997775e-01 -1.789147755169600727e-04 1.549370331552922921e-03 -6.902293847552800621e-01 1.791876436552918570e-04 9.999999684616807105e-01 -1.759784817530984338e-04 -7.195379319086821213e-03 -1.549338797537828027e-03 1.762558957328157726e-04 9.999987842408357697e-01 -3.343471909218945215e-02
9.999992276452127626e-01 -2.471645826825033423e-04 1.218038852794301819e-03 -9.885817690370393152e-01 2.471415305910862966e-04 9.999999692785834782e-01 1.907605743606432915e-05 -2.159643190860191866e-02 -1.218043530300198319e-03 -1.877501471618105185e-05 9.999992580084532401e-01 -1.727205142420431411e-02
9.999992036524514294e-01 -3.854188689815644014e-05 1.261431324264505362e-03 -1.392821288377620759e+00 3.841748430156615080e-05 9.999999943967022853e-01 9.864427171301966420e-05 -3.611512422840838094e-02 -1.261435119132693714e-03 -9.859573213979827783e-05 9.999991995298405101e-01 -1.774739479463236652e-02
9.999991888047257138e-01 -2.868441083596486941e-04 1.241011824270980011e-03 -1.433980973610169407e+00 2.871055293055758875e-04 9.999999366346202789e-01 -2.104784323210640387e-04 -2.821016401307753496e-02 -1.240951371135546244e-03 2.108345629386362114e-04 9.999992077939269253e-01 -1.785014741351471576e-02
9.999991054982820815e-01 -4.150822692910279476e-04 1.271498857833268208e-03 -1.447764251144994185e+00 4.152541666218154039e-04 9.999999046787075851e-01 -1.349316598622116105e-04 -2.982534198423629837e-02 -1.271442728892778831e-03 1.354595343641802293e-04 9.999991825417167135e-01 -1.699578064335900002e-02
9.999988649805490182e-01 -4.879067424009193594e-04 1.425476981386406775e-03 -1.244112139018982433e+00 4.884251331654332296e-04 9.999998147139820270e-01 -3.633357827223948774e-04 -1.380260311981624383e-02 -1.425299443287307132e-03 3.640316091136721103e-04 9.999989180006568779e-01 -2.288028199373096441e-02
9.999989257316482805e-01 -3.261866976666440848e-04 1.429033865140319753e-03 -1.165811647816087149e+00 3.265443107036813258e-04 9.999999154289164194e-01 -2.500219452435200229e-04 -1.654345134847383381e-02 -1.428952190452714190e-03 2.504883195313214778e-04 9.999989476750659190e-01 -2.318042830911170790e-02
9.999992393824611581e-01 -2.519297647937975937e-04 1.207379763310927881e-03 -9.688543548754728896e-01 2.518735033181581534e-04 9.999999671870957174e-01 4.674982156538028415e-05 -2.108912696658575905e-02 -1.207391501364842587e-03 -4.644567903582548626e-05 9.999992700240142307e-01 -1.422996006306559945e-02
9.999988390240347469e-01 9.728843112506546491e-05 1.520685879395970892e-03 -6.279856941567858453e-01 -9.718486702236686203e-05 9.999999929534791887e-01 -6.817729279476005726e-05 -8.285174856248651160e-03 -1.520692501542280500e-03 6.802942598758987026e-05 9.999988414324852970e-01 -2.988387905587609750e-02
9.999989983895730683e-01 -4.140371310964688790e-04 1.353437514134699310e-03 -2.683889221078724074e-01 4.142851634256029337e-04 9.999998974419957998e-01 -1.829857950810491593e-04 2.538352363568324027e-02 -1.353361612415222457e-03 1.835463208822984689e-04 9.999990673611121039e-01 -1.807350986223573569e-02
9.999987184479037783e-01 -4.195219312538112175e-04 1.545025533520275485e-03 1.343929894409398584e-02 4.202338992996150274e-04 9.999998056636136834e-01 -4.605173229236140327e-04 3.688030302075265277e-02 -1.544832036148907975e-03 4.611660048511421616e-04 9.999987004091035470e-01 -1.768115769085629174e-02
9.999991545320348063e-01 4.586445508004720405e-04 1.216791022138188254e-03 2.650611415417399863e-01 -4.584999493166982379e-04 9.999998877947389175e-01 -1.191146760819663018e-04 -8.830197327176450561e-03 -1.216845516904939460e-03 1.185566767523441137e-04 9.999992526153719252e-01 -3.724017525512395357e-03
9.999985664696715570e-01 1.015381835823224422e-04 1.690191882324993625e-03 2.928415176526801833e-01 -1.016218092353891563e-04 9.999999936167580650e-01 4.939121062935658243e-05 1.522398021435941717e-02 -1.690186856442277546e-03 -4.956290018259502060e-05 9.999985704049327850e-01 -2.099178822502756336e-02
9.999989757033670434e-01 3.675221559492780231e-04 1.383300286161765142e-03 1.445465740814893818e-01 -3.674272336569641426e-04 9.999999301268203133e-01 -6.887366958835111749e-05 -9.681548590061747617e-03 -1.383325502105710878e-03 6.836533684382194631e-05 9.999990408679080289e-01 -1.498737171981429084e-04
9.999982432461702597e-01 -2.734727502024888622e-04 1.854377854766435735e-03 -1.432124926259472075e-01 2.734282745455624301e-04 9.999999623247576297e-01 2.423761685207071324e-05 1.236014744184606856e-02 -1.854384413230039533e-03 -2.373053493536019678e-05 9.999982803461762160e-01 -2.547360224018201807e-02
9.999988085224683632e-01 -5.654668443645933639e-04 1.436384660047678374e-03 -3.799234914636725469e-01 5.654261668080046415e-04 9.999998397340398304e-01 2.872533049344016114e-05 3.362056106144672291e-02 -1.436400673066099169e-03 -2.791312679546170870e-05 9.999989679864493830e-01 -4.229560018501804519e-03
9.999985801494498672e-01 -2.296088479060601304e-04 1.669424709670558078e-03 -4.458011415822986656e-01 2.293226878478637749e-04 9.999999589819669188e-01 1.716017753769161149e-04 2.194818728753544779e-02 -1.669464042479982917e-03 -1.712186947664596408e-04 9.999985917859931517e-01 -1.280295987533193458e-02
9.999985977915797353e-01 -2.355038836190969168e-04 1.657996620989209829e-03 -5.100792391933353098e-01 2.356726689832784713e-04 9.999999670672908847e-01 -1.016061526476728114e-04 7.926885686893541880e-03 -1.657972637743341388e-03 1.019967546635038112e-04 9.999986203607456048e-01 -1.160069388055455161e-02
9.999984183580165054e-01 -5.375549248376919808e-04 1.695380832818762108e-03 -3.849325689884643409e-01 5.376262433146840802e-04 9.999998546132677912e-01 -4.161088573290475519e-05 3.854341633209108775e-02 -1.695358218196330469e-03 4.252230114751697501e-05 9.999985619751490251e-01 -9.500032751534367992e-03
9.999981809553866174e-01 -1.994428967968541497e-04 1.896920780846413643e-03 -2.561628698881185939e-01 1.999935446868379859e-04 9.999999379223215579e-01 -2.900998709656751125e-04 1.770852646970257765e-02 -1.896862804731349510e-03 2.904787151720190377e-04 9.999981587651129988e-01 -1.222389974712736506e-02
9.999981269086201108e-01 1.233229866723881332e-05 1.935465619900351032e-03 -2.725014553090007174e-01 -1.239403610812557555e-05 9.999999994148358606e-01 3.188598769538503078e-05 1.281532107181254654e-02 -1.935465225540262176e-03 -3.190991620079541597e-05 9.999981264763039279e-01 -1.556291047998058751e-02
9.999983544745283393e-01 2.350594584117781961e-05 1.813972355394817375e-03 -2.619634422857032852e-01 -2.326868322214368389e-05 9.999999911725760970e-01 -1.308182564317373557e-04 1.510886248596524963e-02 -1.813975414388965205e-03 1.307758324188528084e-04 9.999983461940712415e-01 -6.773128847736559557e-03
9.999979850503670775e-01 -6.484081290449973201e-05 2.006412438850141075e-03 -1.055530150242608711e-01 6.544585558340854515e-05 9.999999524102174409e-01 -3.014903032165116474e-04 3.047383990681907379e-02 -2.006392794489065753e-03 3.016210071074495753e-04 9.999979417042428320e-01 -1.624882413328888192e-02
9.999973628842963036e-01 2.530171811595592710e-04 2.282587733023608376e-03 -1.724362509242416963e-01 -2.532479698143428291e-04 9.999999628504085969e-01 1.008198750658606454e-04 2.837881543244373528e-03 -2.282562139065812384e-03 -1.013976699014962189e-04 9.999973898108903692e-01 -2.672043569897078127e-02
9.999980116498430327e-01 -1.790104928109666313e-04 1.986114700557755665e-03 -3.326020189508592795e-01 1.793249248620614128e-04 9.999999714174399035e-01 -1.581382016065243853e-04 3.453320643868063033e-02 -1.986086335392110540e-03 1.584940470418513348e-04 9.999980151683829366e-01 -1.004265967257551156e-02
9.999969114744862164e-01 4.456452305002285433e-04 2.445085237203147369e-03 -6.129133446078209868e-01 -4.453972217303146016e-04 9.999998956111890713e-01 -1.019751239864994920e-04 -1.878390169542853982e-02 -2.445130426691240720e-03 1.008857748621831864e-04 9.999970055751451481e-01 -2.929648462942570711e-02
9.999974408822545069e-01 3.772272992229192272e-04 2.230678934000689551e-03 -8.637750622015768487e-01 -3.778649901837223958e-04 9.999998878657410106e-01 2.854584988450097776e-04 -2.266418218795756417e-02 -2.230571001126600752e-03 -2.863006637965989794e-04 9.999974712892721884e-01 -1.646670743065654224e-02
9.999970630035753816e-01 5.425208321009610543e-04 2.362129414305529258e-03 -1.130881975659135508e+00 -5.429785445683305923e-04 9.999998339367381917e-01 1.931341404673321538e-04 -2.921810961458885803e-02 -2.362024242748020364e-03 -1.944161588245137790e-04 9.999971915179731718e-01 -1.551771588772724898e-02
9.999959563747234936e-01 3.477362931281397819e-04 2.822465885091323280e-03 -1.426660937532233442e+00 -3.466414551981278520e-04 9.999998644998890907e-01 -3.883811335492183764e-04 -1.927547427118950565e-02 -2.822600556862584018e-03 3.874011793997947156e-04 9.999959414149752757e-01 -3.080717118940352189e-02
9.999959527250426028e-01 5.175540963570304668e-04 2.797618861044866463e-03 -1.705769618554016098e+00 -5.174005098986781846e-04 9.999998646014179871e-01 -5.562246042694571232e-05 -3.137609877109676093e-02 -2.797647269883483077e-03 5.417474588234778165e-05 9.999960851097619008e-01 -2.530179826280268621e-02
9.999959783491554344e-01 7.512237807150787131e-04 2.734766598213590662e-03 -1.572144105050744312e+00 -7.519648620104090559e-04 9.999996808332632936e-01 2.699670682437250416e-04 -2.886867483739155582e-02 -2.734562919685384983e-03 -2.720224309180933821e-04 9.999962240775889244e-01 -2.496841075007748614e-02
9.999957700456201248e-01 9.535179033340972742e-04 2.747852702596335992e-03 -1.359159674079329250e+00 -9.524976855531069701e-04 9.999994769723699051e-01 -3.725629418092508147e-04 -2.870367875427300847e-02 -2.748206510828583426e-03 3.699440425455394459e-04 9.999961552437985901e-01 -1.885210728778200298e-02
9.999958702997059357e-01 8.149462071406009906e-04 2.755947425700525956e-03 -1.197336284587712685e+00 -8.159681759442497613e-04 9.999995987518220941e-01 3.697189887627464833e-04 -9.358928479308779164e-03 -2.755645018794042854e-03 -3.719662273280769857e-04 9.999961340233551876e-01 -1.978232505722233095e-02
9.999946267831900659e-01 1.317780709776185692e-03 3.001642675159383808e-03 -9.845401357168233059e-01 -1.317268540205624285e-03 9.999991175059649295e-01 -1.726003600284095043e-04 -2.771026189818340257e-02 -3.001867475652573829e-03 1.686454631443275046e-04 9.999954801649687530e-01 -3.121052658732410834e-02
9.999949495760712681e-01 1.289465759185756634e-03 2.904840857346992124e-03 -5.202240905743940047e-01 -1.289146047698751544e-03 9.999991627865735255e-01 -1.119313170575865344e-04 7.673848681330475152e-04 -2.904982756975950636e-03 1.081859876465417750e-04 9.999957746765602007e-01 -2.265958340173038904e-02
9.999952866002224106e-01 1.399478239517876026e-03 2.732807712982710923e-03 1.250516348985998560e-02 -1.397728919510523703e-03 9.999988171435348905e-01 -6.419232031266505637e-04 1.435066630012689706e-02 -2.733702838017656751e-03 6.381004531140704135e-04 9.999960598405401857e-01 -1.436903116057063230e-02
9.999949512428842890e-01 1.874713706559716191e-03 2.565723535345375023e-03 3.574890583240171171e-01 -1.873766206677786230e-03 9.999981754382574195e-01 -3.716454747972065798e-04 7.397308244294735491e-04 -2.566415582889953594e-03 3.668360323932631979e-04 9.999966394655440682e-01 -7.722205067709630652e-03
9.999944317839172259e-01 1.750510464016036792e-03 2.841146648092602277e-03 3.562940056575625292e-01 -1.750599134721572692e-03 9.999984672876571778e-01 2.872291732228395662e-05 6.182174478031619846e-03 -2.841092013664736800e-03 -3.369646625064178435e-05 9.999959635222124277e-01 -1.775638781676402295e-02
9.999945934459519847e-01 1.728440877031310998e-03 2.797422206209663424e-03 3.480043105357482625e-01 -1.728455679706688989e-03 9.999985062152362270e-01 2.873933350296080985e-06 7.344586606952256853e-03 -2.797413060039113334e-03 -7.709138113080801961e-06 9.999960872027153780e-01 -1.570919825252203861e-02
9.999949638988658851e-01 1.430007144859137989e-03 2.833241336608763664e-03 1.761425318626135272e-01 -1.429179274071914292e-03 9.999989354452546442e-01 -2.942022435308680787e-04 2.661537299824954378e-02 -2.833659031778536924e-03 2.901515521018907290e-04 9.999959430860549947e-01 -2.108489440621639024e-02
9.999937102153315660e-01 1.570887784514259956e-03 3.179912159794118925e-03 -1.364416424266083894e-01 -1.571005345981410940e-03 9.999987653761613915e-01 3.447253628712752409e-05 8.017917076622013695e-03 -3.179854081312607009e-03 -3.946797846508515970e-05 9.999949434723658381e-01 -3.501838276683668510e-02
9.999949748946992401e-01 1.551274482032440928e-03 2.764730155209882238e-03 -4.751616319627861018e-01 -1.550821094565697691e-03 9.999987836772969985e-01 -1.661260339673895580e-04 -5.365100052141476283e-03 -2.764984499483121375e-03 1.618375973210942954e-04 9.999961643272986533e-01 -1.325730788003494365e-02
9.999927999239726084e-01 1.735153800346715030e-03 3.374809846916237543e-03 -7.200685330291782815e-01 -1.735369538469118530e-03 9.999984923847206053e-01 6.099877726752643873e-05 -1.857836266419431170e-02 -3.374698916741155404e-03 -6.685488027815659508e-05 9.999943034525978769e-01 -3.704682143697956426e-02
9.999938699092555394e-01 1.725980596362251688e-03 3.046495509904968702e-03 -9.308409717069271450e-01 -1.726329828255035925e-03 9.999985036186394005e-01 1.120080624986280606e-04 -2.920018844062814006e-02 -3.046297627443363652e-03 -1.172666319494348103e-04 9.999953531488544600e-01 -1.825148901333616125e-02
9.999933361846586877e-01 1.633674118567697217e-03 3.264765711434648374e-03 -1.125719859277709567e+00 -1.634084764385011941e-03 9.999986573036186988e-01 1.231175961914498672e-04 -1.524351057899865636e-02 -3.264560193815103407e-03 -1.284516796668655340e-04 9.999946630592120300e-01 -2.300159766431643729e-02
9.999929540827907637e-01 1.663272508222707335e-03 3.365309694047765362e-03 -1.237630219108663221e+00 -1.663570254479565524e-03 9.999986125956944472e-01 8.567785322177087759e-05 -1.824633673497154038e-02 -3.365162519384779210e-03 -9.127567864684000079e-05 9.999943336589306453e-01 -2.533391742190069934e-02
9.999932817434226129e-01 1.698034601776069255e-03 3.248560682965995119e-03 -1.472703132121429226e+00 -1.698715320283028345e-03 9.999985357995739843e-01 2.067969264343470467e-04 -2.246214492764502663e-02 -3.248204778085432651e-03 -2.123139169205593075e-04 9.999947020302258904e-01 -1.725581558548905381e-02
9.999916285995719134e-01 2.004162298469601769e-03 3.567360965351728131e-03 -1.675149460841882654e+00 -2.003807409198914147e-03 9.999979870658762815e-01 -1.030536864032152630e-04 -4.740796465840180218e-02 -3.567560320802117078e-03 9.590451936588200224e-05 9.999936316375622747e-01 -3.144273337939206686e-02
9.999926386991763172e-01 1.757923633102820814e-03 3.410608737290333689e-03 -1.717891010211706870e+00 -1.758713957632010005e-03 9.999984273003670321e-01 2.287400439713123043e-04 -3.250923830840037054e-02 -3.410201265898090729e-03 -2.347366453373324108e-04 9.999941576959504586e-01 -2.094048289749639302e-02
9.999922603063969850e-01 1.819907485421758510e-03 3.488160553594846745e-03 -1.739717174139454592e+00 -1.819621319502877062e-03 9.999983408572908905e-01 -8.521102729225303314e-05 -3.042167866095705359e-02 -3.488309842425105570e-03 7.886323647584005613e-05 9.999939127189890753e-01 -2.351947072180233383e-02
9.999911462294910347e-01 2.271092591210021640e-03 3.542541611726531155e-03 -1.708014708529961512e+00 -2.270839137616150437e-03 9.999974187863382991e-01 -7.556634094254890683e-05 -4.746002430219289914e-02 -3.542704085826784734e-03 6.752112975696558162e-05 9.999937223246240237e-01 -2.389770878362010645e-02
9.999912394326773146e-01 2.286338543913353765e-03 3.506239290230217000e-03 -1.628051152635999310e+00 -2.287568137968546116e-03 9.999973234060373084e-01 3.467171404544312557e-04 -3.829932534149795009e-02 -3.505437192689244037e-03 -3.547348643000045000e-04 9.999937930173687928e-01 -2.531378209038962282e-02
9.999915903224241287e-01 2.417069976030041499e-03 3.313164221723164087e-03 -1.372475116362523062e+00 -2.417318496254970174e-03 9.999970757603370286e-01 7.100748164747539546e-05 -3.526768282637208346e-02 -3.312982903184973332e-03 -7.901585765175087603e-05 9.999945089353128314e-01 -1.513567016601704771e-02
9.999925436958675418e-01 2.287301464651786496e-03 3.111399151241546566e-03 -1.047141777073431923e+00 -2.287615664772154212e-03 9.999973786576991097e-01 9.742843896958487356e-05 -2.074117226440041345e-02 -3.111168146988182569e-03 -1.045453979512517002e-04 9.999951548397726375e-01 -8.000982214465728395e-03
9.999902303815011440e-01 2.516655622438896886e-03 3.633949095720379573e-03 -7.404341672355498893e-01 -2.517261074055136827e-03 9.999968185638911100e-01 1.620456146864031615e-04 -1.379216183204245300e-02 -3.633529721536216985e-03 -1.711916301663230487e-04 9.999933840557089226e-01 -3.426032842962936642e-02
9.999912269113760965e-01 2.963079691389565798e-03 2.960786892584564393e-03 -4.381052185905179308e-01 -2.963059147520032306e-03 9.999956100664789682e-01 -1.132514037203322372e-05 -1.367576839826774651e-02 -2.960807452220374190e-03 2.552054329642957636e-06 9.999956167967527509e-01 3.151746812961847555e-03
9.999899493645114656e-01 2.680692465329750571e-03 3.593752616423790455e-03 -2.435458237624227584e-01 -2.680829962661160880e-03 9.999964060096633300e-01 3.344350106783841673e-05 4.102721498325575394e-03 -3.593650048770288038e-03 -4.307740463190056439e-05 9.999935418909785545e-01 -2.606459676989054258e-02
9.999885172007518808e-01 2.742295095309374171e-03 3.930048886681333613e-03 -1.736025879239751490e-01 -2.741593583319516889e-03 9.999962249200364806e-01 -1.838757725826316151e-04 1.135742006292747922e-02 -3.930538292061826026e-03 1.730990643641909152e-04 9.999922604227737821e-01 -4.298070307831540482e-02
9.999879974988915565e-01 3.093426765129897622e-03 3.799416929677964724e-03 -1.030866123236891946e-01 -3.093840275308942789e-03 9.999952087640530118e-01 1.029625604319401482e-04 3.948821555434224584e-03 -3.799080218634747277e-03 -1.147161137434227793e-04 9.999927768887661994e-01 -2.844207272862591535e-02
9.999876936364722191e-01 3.011151285614315724e-03 3.942783730320232292e-03 -1.708032840391006113e-01 -3.011057949396782254e-03 9.999954663164049018e-01 -2.960846753476039303e-05 -5.811573207333345370e-05 -3.942855010561396693e-03 1.773615286826237802e-05 9.999922267596856873e-01 -3.202111820151408439e-02
9.999872407561543053e-01 2.956252817260688302e-03 4.096204850051476248e-03 -1.834067688640558802e-01 -2.955937129889795595e-03 9.999956277537986882e-01 -8.312021513554225137e-05 -3.400334810896066089e-03 -4.096432664805546228e-03 7.101103057654701970e-05 9.999916070632074439e-01 -3.708640850448709225e-02
9.999884035483516120e-01 2.750105498627488775e-03 3.953440092559388878e-03 -1.326828278655055038e-01 -2.748904218699801689e-03 9.999961739350354817e-01 -3.092586081042542610e-04 1.372796117692616502e-02 -3.954275460239406632e-03 2.983873936529451488e-04 9.999921373043629824e-01 -2.952349733572384033e-02
9.999888798333002038e-01 3.303335429293635921e-03 3.365736885600970844e-03 6.875687822718554165e-02 -3.303351986837908209e-03 9.999945439177365669e-01 -6.396847754106885084e-07 -9.168944589452061866e-04 -3.365720634957028359e-03 -1.047853596621424592e-05 9.999943358913627733e-01 -3.680387291207683209e-04
9.999885772917279647e-01 3.304093687651555190e-03 3.453730008120968649e-03 1.286170846706702064e-01 -3.304299738713564836e-03 9.999945393310821773e-01 5.395603342308574046e-05 -7.978619950001347716e-04 -3.453532872655418889e-03 -6.536757626247774477e-05 9.999940344010945781e-01 -5.911568444080181339e-03
9.999883033726547632e-01 3.288131806151615207e-03 3.547013829237808096e-03 2.394932743390860430e-01 -3.287540150922886855e-03 9.999945811261271578e-01 -1.726213707355360200e-04 5.695924088914461510e-03 -3.547562210236778705e-03 1.609584012681926910e-04 9.999936944274986361e-01 -1.032591382128418556e-02
9.999878073069274897e-01 3.295690734222849177e-03 3.677452932066742688e-03 2.938791781012068949e-01 -3.294531738342356287e-03 9.999945214383088032e-01 -3.211759529250496738e-04 1.546886707969753402e-02 -3.678491281526098319e-03 3.090565515242793071e-04 9.999931865697584410e-01 -1.678578900245786959e-02
9.999862471284088894e-01 3.639532725886631195e-03 3.776156190877069056e-03 3.261386595676507572e-01 -3.640131260399362238e-03 9.999933632024026187e-01 1.516428526888420429e-04 -5.406265065204668430e-04 -3.775579220167725892e-03 -1.653864713587235153e-04 9.999928587989352913e-01 -1.798883192560846861e-02
9.999858854328049773e-01 3.593581979840583876e-03 3.913451638034554092e-03 3.338601425317256899e-01 -3.592308676939708068e-03 9.999934924109741274e-01 -3.323463143853890522e-04 3.194105632808842687e-03 -3.914620484626062102e-03 3.182832971849072052e-04 9.999922871913583533e-01 -2.964317211455477774e-02
9.999862487410779988e-01 3.429115936765864906e-03 3.967807031471047401e-03 2.610944803475641618e-01 -3.428921860685594982e-03 9.999941196781034769e-01 -5.571434430080303267e-05 5.206638702776791167e-03 -3.967974750434428120e-03 4.210827788923579643e-05 9.999921266706417455e-01 -2.466897130057289778e-02
9.999859825000261271e-01 3.440166943349447313e-03 4.024929174452031820e-03 1.815285703843472487e-01 -3.440257421226683692e-03 9.999940821759307763e-01 1.555614246862384772e-05 6.171007109869261313e-03 -4.024851839902200169e-03 -2.940271687271759100e-05 9.999918998187670161e-01 -2.294955886316516619e-02
9.999852225748508960e-01 3.576932472849059502e-03 4.093920616051859723e-03 -7.563703521998946244e-02 -3.577352178247345926e-03 9.999935967235780154e-01 9.520102321450907626e-05 -2.828338536894100912e-03 -4.093553873915120600e-03 -1.098450122219192532e-04 9.999916153402260699e-01 -2.478453298540275393e-02
9.999875034996886791e-01 3.016465326283788908e-03 3.986700565062790969e-03 -2.395707310564348658e-01 -3.015562728953891016e-03 9.999954261768125852e-01 -2.323938094434762312e-04 1.450609163122154946e-02 -3.987383338467534108e-03 2.203687596986614295e-04 9.999920260740692290e-01 -2.033493623122152941e-02
9.999885539821553593e-01 2.146377687139662104e-03 4.276092550693533743e-03 -4.656494566940972968e-01 -2.145909584650720296e-03 9.999976910291180632e-01 -1.140547541892330407e-04 6.447422625195237122e-02 -4.276327481899850659e-03 1.048773407270945209e-04 9.999908509701530557e-01 -3.126271522287495108e-02
9.999867457919837666e-01 2.754103624726340471e-03 4.350075123811710139e-03 -7.445966188234428573e-01 -2.755354909188766164e-03 9.999961643305540493e-01 2.816797897851430581e-04 -1.143175980347675702e-02 -4.349282663031411346e-03 -2.936620571903497678e-04 9.999904987063192863e-01 -3.662741492597754167e-02
9.999857464977081056e-01 2.867947458912196903e-03 4.503518490503851703e-03 -7.425328183941042326e-01 -2.868079179141116378e-03 9.999958867927530859e-01 2.279029568876626811e-05 -7.497946208118819178e-03 -4.503434605228351546e-03 -3.570641846272555771e-05 9.999898588494825491e-01 -3.503175234166153867e-02
9.999847865374407174e-01 3.078672840070267001e-03 4.576949553250524681e-03 -6.777130608474974949e-01 -3.078121896875653241e-03 9.999952544545189781e-01 -1.274128320788046811e-04 -2.616366579697541536e-02 -4.577320095553853198e-03 1.133224850476986041e-04 9.999895175944382153e-01 -3.872472398974728669e-02
9.999862972259001559e-01 3.149612286905888354e-03 4.181543121360760222e-03 -4.941518304335119627e-01 -3.149729012787794678e-03 9.999950393637967450e-01 2.132943148410469046e-05 -6.940027430968567779e-03 -4.181455198807092037e-03 -3.449986689929660649e-05 9.999912570828705105e-01 -1.173916973244117437e-02
9.999859604132270707e-01 3.263102531523021706e-03 4.175061473158017851e-03 -3.160190266732094133e-01 -3.262868359941035242e-03 9.999946748527541729e-01 -6.289833232017874684e-05 -4.923318380962160568e-04 -4.175244484048335099e-03 4.927477327200816204e-05 9.999912824147494383e-01 -1.396478046301482395e-02
9.999854404238984751e-01 3.187705066899871372e-03 4.354018446023032174e-03 -1.048728353310330874e-01 -3.188262907356601613e-03 9.999949101338508894e-01 1.211859111194973665e-04 5.202061897782534958e-03 -4.353609979709018377e-03 -1.350659022134036451e-04 9.999905138736799870e-01 -1.992468651202537744e-02
9.999862700495810719e-01 3.286910455425524208e-03 4.081167968150152189e-03 -3.057339165856677587e-02 -3.287657405066214331e-03 9.999945800938881968e-01 1.763282029081921030e-04 6.833599840228877023e-03 -4.080566273589212797e-03 -1.897432640225166071e-04 9.999916564533829488e-01 -2.257230179677414267e-03
9.999856963389246456e-01 3.088285550963437275e-03 4.366876447960139906e-03 4.358070948973414432e-02 -3.086650511062039286e-03 9.999951636607216088e-01 -3.811086316012177893e-04 1.912955361913440400e-02 -4.368032300544373234e-03 3.676241589326775003e-04 9.999903925269978400e-01 -7.889188834933395095e-03
9.999832806171042865e-01 3.394343501268879022e-03 4.681550859399955314e-03 -1.169545839437684392e-01 -3.394200311547706031e-03 9.999942389432184831e-01 -3.853074666435743023e-05 4.781115034656772955e-03 -4.681654675309168331e-03 2.263998106854893454e-05 9.999890407384135482e-01 -2.605485138860999528e-02
9.999813061123024038e-01 3.509896459139707353e-03 5.006800653102609806e-03 -1.911139314834711389e-01 -3.509050262600604125e-03 9.999938274604908139e-01 -1.777840616680093262e-04 -5.882090954425784474e-03 -5.007393752076303751e-03 1.602116230461674755e-04 9.999874500912736552e-01 -3.487984900820072925e-02
9.999821143633887965e-01 3.419557032744797911e-03 4.906891381136333462e-03 -1.984196795884864695e-01 -3.419650954995112711e-03 9.999941529187866829e-01 1.075101109500664177e-05 4.479829940136667576e-03 -4.906825926448323515e-03 -2.753067460388914403e-05 9.999879610782269612e-01 -2.947352398802328965e-02
9.999837028400875294e-01 3.628736590824735951e-03 4.407530485644197381e-03 -1.008521271043624074e-01 -3.629676272618783534e-03 9.999933916458537686e-01 2.052188541505697308e-04 2.768846516012425651e-03 -4.406756673956654762e-03 -2.212134184906732652e-04 9.999902657327420785e-01 -6.875625248069804074e-03
9.999817858570227980e-01 3.467623695669260885e-03 4.939993937704270296e-03 2.911180844537946885e-02 -3.465286333806192904e-03 9.999938798921177430e-01 -4.816315328925438368e-04 1.717804192883922582e-02 -4.941633821324474540e-03 4.645042669055293857e-04 9.999876821696165319e-01 -2.798220280380887132e-02
9.999798505358078460e-01 3.753186595697800484e-03 5.119776631978695432e-03 1.986159084851065182e-01 -3.750982738999159537e-03 9.999928682415261116e-01 -4.399938381387864155e-04 1.267927718696438069e-02 -5.121391497943808026e-03 4.207807787246167384e-04 9.999867970591717059e-01 -3.547625860851544993e-02
9.999790854260774964e-01 4.037824737521673694e-03 5.052195741919175177e-03 2.942077880596719597e-01 -4.037537803626288675e-03 9.999918468670458971e-01 -6.699193253846796436e-05 1.627653029803256823e-03 -5.052425052377999652e-03 4.659210013142424704e-05 9.999872353336648478e-01 -3.380935723831128559e-02
9.999797532375526155e-01 3.984978732653986222e-03 4.961155053381433901e-03 3.669011897769554609e-01 -3.983955088021334107e-03 9.999920406485880431e-01 -2.161974312993158456e-04 -1.063229648287833742e-03 -4.961977107970736746e-03 1.964280350839008830e-04 9.999876700235893479e-01 -2.677518176201258704e-02
9.999800192246730557e-01 3.802552167982416013e-03 5.049925586809337480e-03 2.770330357932725418e-01 -3.802327872204499908e-03 9.999927696663866161e-01 -5.401574961939680604e-05 7.699567210661169975e-04 -5.050094471868443388e-03 3.481319753155573524e-05 9.999872475856211862e-01 -2.472672225637936178e-02
9.999796798961376743e-01 3.652912864457342427e-03 5.224559543416274800e-03 1.939776738593712024e-01 -3.650804495513186154e-03 9.999932504937192324e-01 -4.130297098600967348e-04 5.227793370977198290e-03 -5.226033041759372590e-03 3.939474715853136743e-04 9.999862665977148346e-01 -3.249770264683288917e-02
9.999807132565845524e-01 3.863702977127714353e-03 4.862603639725076796e-03 5.702555538257596257e-02 -3.863448447715990813e-03 9.999925349494861448e-01 -6.173647596663801689e-05 -3.253326368609360877e-03 -4.862805871549268077e-03 4.294886678731269793e-05 9.999881755673166728e-01 -1.174923972782805637e-02
9.999813300293141083e-01 3.609671258067620719e-03 4.930503646968112039e-03 -8.234900675406790771e-02 -3.608208879861681245e-03 9.999934437395839870e-01 -3.054611705027439577e-04 5.247763525625972342e-03 -4.931573935709839332e-03 2.876651805104642602e-04 9.999877983391900482e-01 -1.076611544417993040e-02
9.999813021879971897e-01 3.636361705710195857e-03 4.916517867629830417e-03 -2.120013011324401453e-01 -3.635168250068424121e-03 9.999933610878417589e-01 -2.516585684589349079e-04 1.942218710059525483e-02 -4.917400348880840606e-03 2.337814933410308860e-04 9.999878821865904044e-01 -6.707787142110810744e-03
9.999774200031502636e-01 4.039093111986176085e-03 5.370773750216704424e-03 -1.619946727973156364e-01 -4.039507721646488567e-03 9.999918389540976005e-01 6.635185720869191638e-05 -4.483937135198109991e-04 -5.370461917756177463e-03 -8.804564101918182844e-05 9.999855750893384965e-01 -2.878963973197454229e-02
