%YAML:1.0
---
#camera calibration 
model_type: KANNALA_BRANDT
camera_name: camera
image_width: 848
image_height: 800
projection_parameters:
   k2: -0.0123622203245759
   k3: 0.0516598783433437
   k4: -0.0478819496929646
   k5: 0.00937241967767477
   mu: 285.521087646484
   mv: 285.586303710938
   u0: 427.286010742188
   v0: 388.918914794922
