image_width: 1600
image_height: 1200
camera_name: usb_cam
camera_matrix:
  rows: 3
  cols: 3
  data: [495.87959,   0.     , 780.4957 ,
           0.     , 495.76969, 616.86741,
           0.     ,   0.     ,   1.     ]
distortion_model: plumb_bob
distortion_coefficients:
  rows: 1
  cols: 5
  data: [0.014781, -0.003274, -0.002195, -0.001076, 0.000000]
rectification_matrix:
  rows: 3
  cols: 3
  data: [1., 0., 0.,
         0., 1., 0.,
         0., 0., 1.]
projection_matrix:
  rows: 3
  cols: 4
  data: [504.33762,   0.     , 775.31923,   0.     ,
           0.     , 504.81503, 610.64495,   0.     ,
           0.     ,   0.     ,   1.     ,   0.     ]
