%YAML:1.0
---
type: IMU
name: gazebo_crane_imu_23_1_10
Gyr:
   unit: " rad/s"
   avg-axis:
      gyr_n: 2.6065032355757798e-09
      gyr_w: 3.6139497869599751e-11
   x-axis:
      gyr_n: 7.6862412964323081e-09
      gyr_w: 1.0641965273802688e-10
   y-axis:
      gyr_n: 1.3097625190380345e-11
      gyr_w: 4.3533874654443772e-13
   z-axis:
      gyr_n: 1.2017078510465206e-10
      gyr_w: 1.5635021242279278e-12
Acc:
   unit: " m/s^2"
   avg-axis:
      acc_n: 1.4291963317476993e-08
      acc_w: 5.5010878115106010e-11
   x-axis:
      acc_n: 8.4102507011061307e-10
      acc_w: 2.2091542855627977e-11
   y-axis:
      acc_n: 3.8705665431930871e-08
      acc_w: 1.2330641999202695e-10
   z-axis:
      acc_n: 3.3291994503894994e-09
      acc_w: 1.9634671497663101e-11
