%YAML:1.0
---
type: IMU
name: gazebo_crane_imu_23_1_11
Gyr:
   unit: " rad/s"
   avg-axis:
      gyr_n: 3.5720588718331558e-16
      gyr_w: 1.1855613233957910e-17
   x-axis:
      gyr_n: 3.5256810613967170e-17
      gyr_w: 3.1607255958346775e-19
   y-axis:
      gyr_n: 1.0356477415557775e-15
      gyr_w: 3.5232791430264144e-17
   z-axis:
      gyr_n: 7.1310938020204630e-19
      gyr_w: 1.7975712026119455e-20
Acc:
   unit: " m/s^2"
   avg-axis:
      acc_n: 2.6108552717082333e-10
      acc_w: 6.1227926884083977e-12
   x-axis:
      acc_n: 7.7629685188823261e-10
      acc_w: 1.8167136873018795e-11
   y-axis:
      acc_n: 1.1366548310070052e-15
      acc_w: 2.3533002254826002e-17
   z-axis:
      acc_n: 6.9585929694062806e-12
      acc_w: 2.0121765920414170e-13
