1.000000 0.000000 0.000000 0.000000 0.000000 1.000000 0.000000 0.000000 0.000000 0.000000 1.000000 0.000000
0.999908 0.001052 0.013523 -0.016743 -0.001043 0.999999 -0.000636 -0.007691 -0.013524 0.000622 0.999908 0.070591
0.999432 0.003364 0.033539 -0.028063 -0.003369 0.999994 0.000092 -0.008035 -0.033539 -0.000205 0.999437 0.177971
0.998219 0.004739 0.059462 -0.038952 -0.004840 0.999987 0.001558 -0.005272 -0.059454 -0.001843 0.998229 0.307668
0.995755 0.004071 0.091952 -0.035990 -0.004487 0.999981 0.004318 -0.002056 -0.091932 -0.004713 0.995754 0.461823
0.991682 0.000877 0.128709 -0.000037 -0.001714 0.999978 0.006395 0.003557 -0.128700 -0.006562 0.991662 0.640257
0.985900 -0.002412 0.167319 0.055940 0.001136 0.999970 0.007721 -0.002327 -0.167333 -0.007422 0.985873 0.822107
0.977679 -0.003211 0.210080 0.105488 0.001247 0.999954 0.009479 -0.007515 -0.210100 -0.009006 0.977638 1.026064
0.966755 -0.003438 0.255681 0.153893 0.000235 0.999921 0.012559 -0.003346 -0.255704 -0.012081 0.966680 1.236837
0.953115 -0.006858 0.302531 0.254511 0.000992 0.999809 0.019539 0.008018 -0.302607 -0.018322 0.952939 1.489565
0.936950 -0.016241 0.349087 0.372584 0.006996 0.999591 0.027727 0.010149 -0.349395 -0.023537 0.936680 1.730833
0.917032 -0.022792 0.398163 0.500770 0.010237 0.999382 0.033629 -0.000847 -0.398683 -0.026762 0.916698 1.968964
0.893349 -0.025605 0.448634 0.635934 0.009442 0.999224 0.038228 -0.005914 -0.449265 -0.029915 0.892897 2.223354
0.866547 -0.028114 0.498303 0.786392 0.007606 0.999040 0.043138 0.012338 -0.499037 -0.033591 0.865929 2.482210
0.836040 -0.033390 0.547651 0.977416 0.008455 0.998812 0.047990 0.021263 -0.548603 -0.035491 0.835329 2.718814
0.801999 -0.039742 0.596001 1.194949 0.010683 0.998579 0.052211 0.026887 -0.597229 -0.035506 0.801284 2.956081
0.766068 -0.045076 0.641177 1.432481 0.011935 0.998363 0.055927 0.033987 -0.642649 -0.035192 0.765352 3.183825
0.727948 -0.049199 0.683865 1.690224 0.012807 0.998224 0.058182 0.048802 -0.685513 -0.033596 0.727285 3.419444
0.688152 -0.051686 0.723723 1.966864 0.011551 0.998114 0.060299 0.059441 -0.725475 -0.033136 0.687451 3.656457
0.647166 -0.052827 0.760516 2.259506 0.007183 0.997974 0.063209 0.076301 -0.762315 -0.035444 0.646235 3.917514
0.606697 -0.054355 0.793073 2.598919 0.003992 0.997855 0.065336 0.099829 -0.794923 -0.036473 0.605613 4.171161
0.568028 -0.055860 0.821111 2.958860 0.001354 0.997756 0.066940 0.124758 -0.823008 -0.036912 0.566829 4.407679
0.530760 -0.058803 0.845480 3.352882 -0.000273 0.997578 0.069552 0.144982 -0.847522 -0.037146 0.529458 4.635468
0.494452 -0.059769 0.867148 3.757611 -0.003053 0.997508 0.070494 0.169054 -0.869200 -0.037503 0.493037 4.878786
0.459324 -0.059799 0.886254 4.191172 -0.004525 0.997561 0.069655 0.200626 -0.888258 -0.036005 0.457933 5.102908
0.426812 -0.059184 0.902402 4.655722 -0.004027 0.997722 0.067340 0.233453 -0.904331 -0.032376 0.425602 5.316250
0.397596 -0.058144 0.915716 5.161417 -0.002623 0.997914 0.064501 0.265421 -0.917557 -0.028047 0.396614 5.524395
0.372510 -0.056945 0.926279 5.672828 -0.002182 0.998059 0.062235 0.296149 -0.928025 -0.025204 0.371663 5.740026
0.353007 -0.056716 0.933900 6.221285 -0.001767 0.998119 0.061284 0.329277 -0.935619 -0.023284 0.352243 5.959221
0.338681 -0.057523 0.939141 6.810848 -0.001152 0.998103 0.061550 0.363009 -0.940901 -0.021927 0.337972 6.164922
0.328369 -0.059310 0.942686 7.431831 -0.000625 0.998013 0.063009 0.391523 -0.944549 -0.021279 0.327679 6.367907
0.318905 -0.061428 0.945794 8.067385 -0.001553 0.997862 0.065333 0.422988 -0.947785 -0.022304 0.318128 6.587055
0.309850 -0.063247 0.948679 8.729692 -0.002719 0.997722 0.067404 0.462336 -0.950782 -0.023465 0.308972 6.816934
0.300885 -0.065110 0.951435 9.398367 -0.003265 0.997590 0.069301 0.502938 -0.953655 -0.023958 0.299947 7.040822
0.291931 -0.067265 0.954071 10.095098 -0.004443 0.997418 0.071681 0.540592 -0.956429 -0.025165 0.290879 7.264831
0.282874 -0.068871 0.956681 10.816201 -0.004814 0.997304 0.073219 0.586359 -0.959145 -0.025317 0.281780 7.490992
0.273551 -0.070375 0.959280 11.555987 -0.005192 0.997197 0.074637 0.630006 -0.961843 -0.025398 0.272419 7.704960
0.264638 -0.073192 0.961566 12.307136 -0.006996 0.996944 0.077810 0.674709 -0.964322 -0.027319 0.263317 7.945258
0.255810 -0.076868 0.963666 13.078088 -0.008975 0.996602 0.081878 0.724038 -0.966685 -0.029595 0.254251 8.178931
0.246252 -0.080917 0.965822 13.861616 -0.009434 0.996261 0.085872 0.774533 -0.969160 -0.030257 0.244568 8.402085
0.235366 -0.083450 0.968318 14.643084 -0.009609 0.996058 0.088177 0.825047 -0.971859 -0.030059 0.233637 8.615410
0.223014 -0.084454 0.971150 15.426969 -0.009849 0.995994 0.088876 0.875294 -0.974766 -0.029385 0.221288 8.815782
0.209866 -0.084015 0.974114 16.212530 -0.010560 0.996048 0.088182 0.929031 -0.977673 -0.028793 0.208150 9.005981
0.195726 -0.083388 0.977107 16.995565 -0.011432 0.996116 0.087300 0.983278 -0.980592 -0.028257 0.194012 9.182714
0.178204 -0.082658 0.980516 17.782955 -0.013531 0.996166 0.086436 1.031345 -0.983900 -0.028670 0.176403 9.355576
0.156174 -0.082029 0.984318 18.575047 -0.017414 0.996162 0.085779 1.080602 -0.987576 -0.030537 0.154146 9.515603
0.128999 -0.082238 0.988229 19.374023 -0.021432 0.996091 0.085689 1.131714 -0.991413 -0.032234 0.126732 9.665828
0.097861 -0.082530 0.991772 20.187260 -0.024402 0.996057 0.085294 1.185176 -0.994901 -0.032548 0.095461 9.781745
0.066127 -0.082458 0.994398 21.005033 -0.026241 0.996091 0.084343 1.236273 -0.997466 -0.031671 0.063705 9.868992
0.034874 -0.081943 0.996027 21.827394 -0.027904 0.996165 0.082931 1.284597 -0.999002 -0.030686 0.032454 9.936977
0.003605 -0.080510 0.996747 22.657772 -0.030257 0.996289 0.080583 1.332541 -0.999536 -0.030450 0.001156 9.969303
-0.027142 -0.078150 0.996572 23.482222 -0.032257 0.996489 0.077265 1.383140 -0.999111 -0.030049 -0.029568 9.985778
-0.057932 -0.073852 0.995585 24.305376 -0.030397 0.996928 0.072183 1.432791 -0.997858 -0.026081 -0.059999 9.950410
-0.087870 -0.069039 0.993737 25.137850 -0.026291 0.997409 0.066970 1.473275 -0.995785 -0.020242 -0.089458 9.889612
-0.117464 -0.063362 0.991054 25.970339 -0.021136 0.997896 0.061294 1.512898 -0.992852 -0.013747 -0.118556 9.805346
-0.145091 -0.058835 0.987668 26.795975 -0.017121 0.998230 0.056949 1.543614 -0.989270 -0.008647 -0.145842 9.694933
-0.172006 -0.053358 0.983650 27.614700 -0.009726 0.998575 0.052467 1.580661 -0.985048 -0.000542 -0.172280 9.553904
-0.196451 -0.043165 0.979563 28.428764 -0.004368 0.999059 0.043148 1.610107 -0.980504 0.004198 -0.196454 9.404160
-0.219931 -0.027956 0.975115 29.217340 0.000152 0.999588 0.028692 1.626969 -0.975515 0.006458 -0.219836 9.239165
-0.243245 -0.011084 0.969902 29.997969 0.001859 0.999928 0.011893 1.632872 -0.969963 0.004696 -0.243207 9.068521
-0.267873 0.003156 0.963449 30.769186 0.000906 0.999995 -0.003024 1.630882 -0.963454 0.000063 -0.267874 8.869661
-0.292596 0.012864 0.956150 31.548916 0.002418 0.999916 -0.012713 1.608445 -0.956233 -0.001408 -0.292603 8.649658
-0.316247 0.016081 0.948541 32.336872 0.005269 0.999871 -0.015195 1.574988 -0.948662 0.000192 -0.316291 8.400098
-0.339345 0.014486 0.940550 33.121674 0.006651 0.999893 -0.013000 1.537775 -0.940638 0.001844 -0.339405 8.144096
-0.360052 0.010006 0.932879 33.906464 0.009751 0.999928 -0.006962 1.507489 -0.932881 0.006590 -0.360123 7.860476
-0.378347 0.007497 0.925633 34.665031 0.015295 0.999881 -0.001847 1.483784 -0.925537 0.013459 -0.378417 7.543288
-0.392283 0.008392 0.919806 35.422779 0.019089 0.999817 -0.000981 1.457389 -0.919646 0.017173 -0.392372 7.220685
-0.404094 0.011340 0.914647 36.160130 0.021400 0.999767 -0.002941 1.426696 -0.914467 0.018385 -0.404243 6.893463
-0.414916 0.013475 0.909760 36.885193 0.023011 0.999726 -0.004313 1.404233 -0.909569 0.019145 -0.415112 6.569064
-0.425503 0.012897 0.904865 37.612652 0.017461 0.999829 -0.006039 1.366877 -0.904788 0.013230 -0.425656 6.260156
-0.437335 0.011477 0.899226 38.332539 0.015177 0.999870 -0.005381 1.353819 -0.899171 0.011294 -0.437452 5.943069
-0.447008 0.012894 0.894437 39.046410 0.016713 0.999842 -0.006062 1.339812 -0.894374 0.012239 -0.447153 5.592443
-0.454643 0.015471 0.890540 39.765652 0.019881 0.999776 -0.007219 1.315437 -0.890452 0.014422 -0.454848 5.232229
-0.459391 0.018472 0.888042 40.489151 0.021174 0.999727 -0.009842 1.294800 -0.887982 0.014282 -0.459656 4.869989
-0.459671 0.019713 0.887871 41.231316 0.020145 0.999728 -0.011767 1.269107 -0.887861 0.012477 -0.459943 4.495944
-0.456524 0.019927 0.889488 41.998535 0.021580 0.999703 -0.011320 1.244413 -0.889449 0.014027 -0.456819 4.096624
-0.450811 0.018827 0.892421 42.790623 0.020316 0.999735 -0.010828 1.213121 -0.892388 0.013249 -0.451074 3.717354
-0.443623 0.017632 0.896040 43.597149 0.018608 0.999772 -0.010460 1.193157 -0.896020 0.012034 -0.443850 3.327611
-0.435773 0.016963 0.899897 44.416912 0.016515 0.999805 -0.010849 1.169189 -0.899905 0.010134 -0.435968 2.928729
-0.428846 0.015936 0.903237 45.242729 0.014266 0.999839 -0.010867 1.144116 -0.903265 0.008225 -0.429004 2.529667
-0.423531 0.014187 0.905770 46.092094 0.010684 0.999886 -0.010666 1.120853 -0.905819 0.005160 -0.423634 2.135767
-0.420886 0.011397 0.907042 46.968834 0.005502 0.999935 -0.010012 1.095008 -0.907097 0.000777 -0.420921 1.736603
-0.420271 0.009552 0.907348 47.863483 0.002522 0.999953 -0.009359 1.069767 -0.907395 -0.001645 -0.420276 1.324572
-0.420913 0.008321 0.907063 48.766350 0.000569 0.999960 -0.008909 1.046953 -0.907101 -0.003234 -0.420901 0.925721
-0.421208 0.007926 0.906930 49.667278 0.000516 0.999964 -0.008499 1.025575 -0.906964 -0.003112 -0.421197 0.509852
-0.421310 0.007088 0.906889 50.582306 -0.000067 0.999969 -0.007847 0.997863 -0.906917 -0.003367 -0.421297 0.090691
-0.420968 0.006566 0.907052 51.501545 -0.000063 0.999974 -0.007268 0.975452 -0.907076 -0.003117 -0.420956 -0.332688
-0.421037 0.005727 0.907025 52.439835 -0.000775 0.999977 -0.006674 0.944308 -0.907043 -0.003513 -0.421024 -0.770393
-0.420947 0.004474 0.907074 53.374920 -0.002195 0.999980 -0.005951 0.920687 -0.907082 -0.004497 -0.420929 -1.194537
-0.420823 0.003953 0.907134 54.305943 -0.002765 0.999980 -0.005640 0.893740 -0.907139 -0.004881 -0.420804 -1.626029
-0.420348 0.003212 0.907357 55.243229 -0.003721 0.999979 -0.005264 0.867151 -0.907355 -0.005589 -0.420327 -2.049178
-0.418080 0.001754 0.908408 56.187042 -0.004637 0.999981 -0.004065 0.837614 -0.908398 -0.005912 -0.418064 -2.485104
-0.415792 -0.000397 0.909460 57.122440 -0.004291 0.999990 -0.001526 0.811284 -0.909450 -0.004537 -0.415789 -2.925568
-0.413431 -0.001778 0.910533 58.045822 -0.003892 0.999992 0.000186 0.785148 -0.910527 -0.003467 -0.413435 -3.351633
-0.411393 -0.002140 0.911455 58.967373 -0.004103 0.999991 0.000496 0.762666 -0.911449 -0.003536 -0.411399 -3.770904
-0.409414 -0.001866 0.912347 59.893890 -0.003788 0.999993 0.000346 0.738168 -0.912341 -0.003315 -0.409418 -4.181568
-0.407834 -0.001546 0.913055 60.813740 -0.004086 0.999992 -0.000132 0.710459 -0.913047 -0.003784 -0.407837 -4.596238
-0.408856 -0.000334 0.912599 61.719326 -0.004486 0.999989 -0.001644 0.687957 -0.912588 -0.004767 -0.408853 -4.993966
-0.411726 0.001065 0.911307 62.620758 -0.005537 0.999978 -0.003670 0.663083 -0.911291 -0.006557 -0.411711 -5.384219
-0.416247 0.001515 0.909250 63.530136 -0.006623 0.999967 -0.004698 0.637640 -0.909227 -0.007977 -0.416223 -5.778987
-0.422164 -0.000505 0.906519 64.427643 -0.007957 0.999963 -0.003148 0.615998 -0.906485 -0.008542 -0.422152 -6.183878
-0.428039 -0.002890 0.903755 65.336639 -0.005787 0.999983 0.000456 0.581793 -0.903742 -0.005035 -0.428049 -6.609145
-0.433146 -0.004681 0.901312 66.232521 -0.007553 0.999970 0.001564 0.558818 -0.901292 -0.006130 -0.433168 -7.017404
-0.438198 -0.003234 0.898872 67.130608 -0.007613 0.999971 -0.000114 0.532699 -0.898846 -0.006893 -0.438210 -7.434511
-0.443209 -0.001169 0.896417 68.014519 -0.007004 0.999973 -0.002159 0.510343 -0.896391 -0.007235 -0.443206 -7.852909
-0.448415 -0.000820 0.893825 68.892860 -0.008632 0.999957 -0.003413 0.477951 -0.893784 -0.009246 -0.448403 -8.265793
-0.452820 -0.000807 0.891602 69.767708 -0.010279 0.999938 -0.004316 0.450230 -0.891543 -0.011119 -0.452800 -8.685505
-0.456790 -0.002340 0.889571 70.643738 -0.011507 0.999928 -0.003279 0.414406 -0.889500 -0.011734 -0.456784 -9.108554
-0.459865 -0.009459 0.887938 71.532539 -0.011986 0.999918 0.004444 0.380085 -0.887908 -0.008599 -0.459941 -9.559019
-0.462503 -0.017022 0.886454 72.425262 -0.011935 0.999845 0.012972 0.357639 -0.886537 -0.004580 -0.462634 -10.019304
-0.464602 -0.019206 0.885311 73.290604 -0.011284 0.999812 0.015769 0.348040 -0.885448 -0.002664 -0.464731 -10.472460
-0.466661 -0.014952 0.884310 74.137772 -0.010574 0.999880 0.011326 0.336438 -0.884373 -0.004065 -0.466763 -10.910909
-0.468270 -0.009041 0.883539 74.974678 -0.009848 0.999939 0.005013 0.325521 -0.883530 -0.006353 -0.468331 -11.355846
-0.469164 -0.005474 0.883094 75.816856 -0.005806 0.999978 0.003115 0.315124 -0.883092 -0.003666 -0.469185 -11.819094
-0.468919 -0.005607 0.883223 76.670357 -0.004133 0.999983 0.004153 0.287246 -0.883232 -0.001703 -0.468934 -12.290293
-0.468168 -0.008015 0.883603 77.535667 -0.003710 0.999968 0.007104 0.263496 -0.883631 0.000048 -0.468183 -12.753805
-0.466806 -0.012875 0.884266 78.406479 -0.005952 0.999917 0.011416 0.250047 -0.884340 0.000066 -0.466843 -13.210902
-0.466191 -0.018208 0.884497 79.274132 -0.007591 0.999834 0.016582 0.236098 -0.884651 0.001016 -0.466252 -13.668385
-0.465784 -0.023064 0.884598 80.132362 -0.014018 0.999727 0.018684 0.220574 -0.884787 -0.003698 -0.465980 -14.103635
-0.464538 -0.027266 0.885133 80.997246 -0.021588 0.999578 0.019462 0.222118 -0.885290 -0.010067 -0.464930 -14.526196
-0.462577 -0.028185 0.886131 81.839943 -0.022826 0.999542 0.019876 0.214020 -0.886285 -0.011033 -0.463008 -14.958939
-0.459970 -0.026108 0.887550 82.669662 -0.020023 0.999618 0.019028 0.201447 -0.887709 -0.009019 -0.460317 -15.402463
-0.454930 -0.023218 0.890225 83.495255 -0.018511 0.999691 0.016613 0.192150 -0.890335 -0.008921 -0.455219 -15.836259
-0.446692 -0.022324 0.894409 84.333900 -0.016302 0.999726 0.016811 0.180688 -0.894539 -0.007071 -0.446934 -16.276346
-0.438182 -0.020556 0.898651 85.161957 -0.011546 0.999785 0.017240 0.164788 -0.898812 -0.002821 -0.438325 -16.713701
-0.427168 -0.020651 0.903937 86.012123 -0.011051 0.999784 0.017618 0.155974 -0.904105 -0.002464 -0.427304 -17.117481
-0.415455 -0.022648 0.909332 86.868698 -0.014104 0.999730 0.018455 0.153650 -0.909504 -0.005158 -0.415662 -17.501270
-0.403293 -0.025375 0.914719 87.734276 -0.013574 0.999671 0.021747 0.153014 -0.914970 -0.003646 -0.403505 -17.890732
-0.390929 -0.026035 0.920053 88.595016 -0.013586 0.999654 0.022515 0.151889 -0.920321 -0.003698 -0.391147 -18.254969
-0.378001 -0.025826 0.925445 89.455238 -0.013042 0.999660 0.022570 0.158785 -0.925713 -0.003538 -0.378210 -18.601101
-0.363825 -0.023968 0.931159 90.326256 -0.009452 0.999712 0.022039 0.161041 -0.931419 -0.000783 -0.363947 -18.948154
-0.349858 -0.019494 0.936600 91.201233 -0.008442 0.999808 0.017656 0.157813 -0.936765 -0.001729 -0.349956 -19.264242
-0.336593 -0.010216 0.941595 92.053986 -0.004182 0.999947 0.009354 0.155851 -0.941641 -0.000789 -0.336618 -19.582100
-0.322375 -0.004531 0.946601 92.918869 -0.003239 0.999988 0.003684 0.145584 -0.946607 -0.001879 -0.322385 -19.875683
-0.309159 -0.006000 0.950991 93.805321 -0.005220 0.999976 0.004612 0.139446 -0.950996 -0.003539 -0.309183 -20.153702
-0.295900 -0.009222 0.955174 94.709641 -0.007773 0.999944 0.007246 0.113834 -0.955187 -0.005280 -0.295955 -20.431871
-0.284642 -0.009405 0.958588 95.592308 -0.011484 0.999914 0.006400 0.086593 -0.958565 -0.009187 -0.284725 -20.682201
-0.277192 -0.005515 0.960799 96.449669 -0.016569 0.999862 0.000959 0.057945 -0.960672 -0.015654 -0.277245 -20.915148
-0.272084 0.000238 0.962274 97.303703 -0.021896 0.999740 -0.006439 0.041889 -0.962024 -0.022822 -0.272008 -21.135477
-0.268388 0.002548 0.963308 98.186882 -0.027922 0.999556 -0.010423 0.014750 -0.962906 -0.029695 -0.268198 -21.353689
-0.264769 0.001977 0.964310 99.081848 -0.031854 0.999434 -0.010795 -0.013982 -0.963786 -0.033575 -0.264556 -21.568876
-0.261014 0.000369 0.965335 99.971130 -0.035673 0.999313 -0.010028 -0.053027 -0.964676 -0.037054 -0.260822 -21.782375
-0.256401 -0.003138 0.966565 100.879219 -0.038894 0.999218 -0.007074 -0.075626 -0.965788 -0.039407 -0.256323 -21.992168
-0.252268 -0.006775 0.967634 101.774933 -0.040417 0.999177 -0.003541 -0.098546 -0.966813 -0.040002 -0.252334 -22.211306
-0.246973 -0.009254 0.968978 102.666000 -0.040577 0.999176 -0.000799 -0.118922 -0.968172 -0.039515 -0.247145 -22.428196
-0.241760 -0.009664 0.970288 103.545311 -0.041852 0.999124 -0.000477 -0.145266 -0.969433 -0.040724 -0.241953 -22.630533
-0.236454 -0.008620 0.971604 104.422302 -0.049868 0.998750 -0.003276 -0.161758 -0.970362 -0.049226 -0.236589 -22.813097
-0.230654 -0.005770 0.973019 105.295258 -0.050831 0.998688 -0.006127 -0.187822 -0.971707 -0.050873 -0.230645 -23.020931
-0.224430 -0.003117 0.974485 106.184288 -0.051267 0.998648 -0.008613 -0.223042 -0.973141 -0.051892 -0.224286 -23.225224
-0.218360 -0.004564 0.975857 107.068970 -0.053113 0.998562 -0.007214 -0.251042 -0.974422 -0.053406 -0.218289 -23.424425
-0.211424 -0.008401 0.977358 107.974945 -0.054236 0.998523 -0.003150 -0.274637 -0.975888 -0.053674 -0.211568 -23.629250
-0.204401 -0.011301 0.978822 108.873901 -0.057276 0.998358 -0.000434 -0.307265 -0.977210 -0.056152 -0.204713 -23.814903
-0.198460 -0.008538 0.980072 109.735672 -0.058481 0.998284 -0.003146 -0.324094 -0.978363 -0.057940 -0.198618 -23.980564
-0.192547 -0.006165 0.981268 110.597672 -0.059769 0.998197 -0.005457 -0.352765 -0.979466 -0.059700 -0.192568 -24.147507
-0.185322 -0.004880 0.982666 111.479599 -0.060192 0.998166 -0.006395 -0.370970 -0.980833 -0.060334 -0.185276 -24.306765
-0.179078 -0.005224 0.983821 112.350700 -0.061104 0.998114 -0.005823 -0.393534 -0.981935 -0.061159 -0.179060 -24.448641
-0.171524 -0.005391 0.985165 113.230316 -0.059107 0.998240 -0.004829 -0.418751 -0.983405 -0.059058 -0.171540 -24.603029
-0.164159 -0.005270 0.986420 114.108711 -0.055562 0.998448 -0.003912 -0.449904 -0.984868 -0.055449 -0.164197 -24.762114
-0.157542 -0.004765 0.987501 114.991264 -0.053836 0.998543 -0.003770 -0.475490 -0.986044 -0.053757 -0.157569 -24.901878
-0.150613 -0.005448 0.988578 115.888908 -0.057673 0.998330 -0.003285 -0.500529 -0.986909 -0.057509 -0.150676 -25.018986
-0.144359 -0.006758 0.989502 116.781380 -0.061330 0.998115 -0.002130 -0.519294 -0.987623 -0.060994 -0.144501 -25.132332
-0.140198 -0.007368 0.990096 117.669266 -0.060880 0.998144 -0.001192 -0.544058 -0.988250 -0.060445 -0.140386 -25.259279
-0.135660 -0.007162 0.990730 118.560333 -0.060488 0.998168 -0.001067 -0.577029 -0.988907 -0.060072 -0.135845 -25.385592
-0.131434 -0.006505 0.991304 119.440247 -0.060579 0.998162 -0.001482 -0.605656 -0.989472 -0.060247 -0.131586 -25.503132
-0.125883 -0.007628 0.992016 120.334854 -0.058625 0.998280 0.000237 -0.626527 -0.990311 -0.058127 -0.126114 -25.629951
-0.120936 -0.009304 0.992617 121.236565 -0.054073 0.998533 0.002771 -0.645930 -0.991186 -0.053339 -0.121262 -25.758850
-0.116216 -0.011273 0.993160 122.118240 -0.054179 0.998519 0.004994 -0.676797 -0.991745 -0.053228 -0.116655 -25.868706
-0.111722 -0.010342 0.993686 122.990784 -0.056458 0.998397 0.004043 -0.701140 -0.992134 -0.055650 -0.112126 -25.967308
-0.108648 -0.008421 0.994045 123.851822 -0.057788 0.998327 0.002141 -0.718427 -0.992399 -0.057211 -0.108953 -26.058517
-0.107279 -0.008533 0.994192 124.709312 -0.060640 0.998158 0.002024 -0.739132 -0.992378 -0.060071 -0.107599 -26.137512
-0.106292 -0.009258 0.994292 125.570381 -0.062916 0.998016 0.002567 -0.753339 -0.992343 -0.062284 -0.106663 -26.220840
-0.105375 -0.012573 0.994353 126.441925 -0.062059 0.998054 0.006043 -0.761489 -0.992494 -0.061072 -0.105950 -26.316471
-0.105141 -0.016814 0.994315 127.311729 -0.064382 0.997875 0.010067 -0.776023 -0.992371 -0.062958 -0.106000 -26.397345
-0.104168 -0.017654 0.994403 128.171570 -0.064512 0.997857 0.010958 -0.782249 -0.992465 -0.063009 -0.105083 -26.483990
-0.103532 -0.013801 0.994530 129.010788 -0.063484 0.997957 0.007240 -0.795330 -0.992598 -0.062387 -0.104197 -26.569349
-0.103374 -0.009423 0.994598 129.849747 -0.062660 0.998031 0.002943 -0.806146 -0.992667 -0.062017 -0.103761 -26.651180
-0.103189 -0.009260 0.994619 130.701767 -0.063141 0.998001 0.002741 -0.811821 -0.992656 -0.062518 -0.103567 -26.733402
-0.102174 -0.009063 0.994725 131.548462 -0.063561 0.997975 0.002564 -0.817997 -0.992734 -0.062964 -0.102543 -26.815208
-0.101182 -0.008408 0.994832 132.399277 -0.059762 0.998210 0.002359 -0.829276 -0.993071 -0.059214 -0.101504 -26.911417
-0.100194 -0.006513 0.994947 133.245468 -0.058470 0.998289 0.000647 -0.846170 -0.993248 -0.058110 -0.100404 -26.993313
-0.100271 -0.003902 0.994953 134.085190 -0.062202 0.998061 -0.002354 -0.854739 -0.993014 -0.062124 -0.100319 -27.051628
-0.098935 -0.001930 0.995092 134.931335 -0.066074 0.997804 -0.004634 -0.872910 -0.992898 -0.066209 -0.098845 -27.114059
-0.097923 0.001228 0.995193 135.767075 -0.065652 0.997813 -0.007691 -0.894182 -0.993026 -0.066089 -0.097628 -27.194155
-0.097112 0.001584 0.995272 136.625687 -0.065942 0.997791 -0.008022 -0.918134 -0.993087 -0.066409 -0.096793 -27.276096
-0.095144 0.002703 0.995460 137.487106 -0.067036 0.997709 -0.009117 -0.947948 -0.993204 -0.067599 -0.094745 -27.351679
-0.093253 0.002070 0.995640 138.333328 -0.066473 0.997754 -0.008301 -0.964660 -0.993421 -0.066957 -0.092906 -27.441975
-0.089293 -0.000477 0.996005 139.183685 -0.063017 0.997999 -0.005172 -0.986875 -0.994010 -0.063227 -0.089144 -27.531895
-0.087218 -0.004644 0.996178 140.024979 -0.061480 0.998108 -0.000730 -0.999711 -0.994290 -0.061309 -0.087339 -27.620670
-0.083761 -0.005327 0.996472 140.840637 -0.059418 0.998233 0.000341 -1.023332 -0.994713 -0.059180 -0.083930 -27.697287
-0.079046 -0.001681 0.996870 141.641815 -0.059609 0.998217 -0.003044 -1.052369 -0.995087 -0.059663 -0.079005 -27.760855
-0.073113 0.001658 0.997322 142.425964 -0.053669 0.998543 -0.005595 -1.070766 -0.995879 -0.053935 -0.072918 -27.840508
-0.065476 0.002373 0.997851 143.207535 -0.055499 0.998441 -0.006016 -1.089924 -0.996310 -0.055774 -0.065242 -27.891756
-0.056547 -0.000819 0.998400 143.976547 -0.058673 0.998274 -0.002504 -1.102836 -0.996674 -0.058721 -0.056498 -27.933666
-0.045802 -0.003049 0.998946 144.733734 -0.052620 0.998614 0.000635 -1.126494 -0.997564 -0.052536 -0.045899 -27.991001
-0.033044 -0.001964 0.999452 145.463760 -0.048295 0.998833 0.000366 -1.147835 -0.998286 -0.048256 -0.033100 -28.040354
-0.019992 -0.000934 0.999800 146.199173 -0.052349 0.998629 -0.000114 -1.167226 -0.998429 -0.052341 -0.020013 -28.050922
-0.007216 -0.000899 0.999974 146.921799 -0.053646 0.998560 0.000511 -1.182474 -0.998534 -0.053641 -0.007254 -28.060875
0.005291 0.000048 0.999986 147.627319 -0.049199 0.998789 0.000212 -1.200191 -0.998775 -0.049199 0.005287 -28.075512
0.018179 0.004944 0.999822 148.298431 -0.048958 0.998793 -0.004048 -1.225551 -0.998635 -0.048876 0.018399 -28.069862
0.030639 0.013423 0.999440 148.962402 -0.050218 0.998668 -0.011873 -1.244939 -0.998268 -0.049826 0.031272 -28.042883
0.043082 0.022120 0.998827 149.624588 -0.059825 0.998018 -0.019522 -1.262841 -0.997279 -0.058914 0.044320 -27.980133
0.055185 0.024676 0.998171 150.304642 -0.065031 0.997661 -0.021068 -1.279429 -0.996356 -0.063750 0.056661 -27.923317
0.066374 0.022058 0.997551 150.977264 -0.071189 0.997313 -0.017316 -1.302044 -0.995252 -0.069865 0.067766 -27.855610
0.076871 0.020016 0.996840 151.631622 -0.071682 0.997322 -0.014498 -1.328717 -0.994461 -0.070341 0.078100 -27.790247
0.085640 0.024316 0.996029 152.287949 -0.068657 0.997470 -0.018448 -1.364925 -0.993958 -0.066805 0.087093 -27.732285
0.092318 0.032809 0.995189 152.956345 -0.071572 0.997090 -0.026232 -1.386165 -0.993154 -0.068806 0.094398 -27.657001
0.094644 0.037591 0.994801 153.639877 -0.079809 0.996357 -0.030057 -1.406264 -0.992307 -0.076549 0.097299 -27.556683
0.094255 0.035323 0.994921 154.338898 -0.084162 0.996076 -0.027391 -1.429852 -0.991984 -0.081152 0.096858 -27.463757
0.092657 0.030943 0.995217 155.048843 -0.084680 0.996141 -0.023088 -1.474134 -0.992091 -0.082136 0.094920 -27.383266
0.089807 0.027895 0.995568 155.770645 -0.079506 0.996618 -0.020752 -1.502275 -0.992781 -0.077290 0.091721 -27.321381
0.086580 0.027645 0.995861 156.497818 -0.075874 0.996895 -0.021078 -1.533554 -0.993351 -0.073735 0.088409 -27.257927
0.083460 0.027457 0.996133 157.229813 -0.072126 0.997165 -0.021442 -1.564467 -0.993897 -0.070058 0.085203 -27.198498
0.078373 0.026143 0.996581 157.932053 -0.073064 0.997118 -0.020411 -1.589456 -0.994243 -0.071215 0.080057 -27.132557
0.072845 0.025904 0.997007 158.606873 -0.072873 0.997129 -0.020583 -1.614850 -0.994677 -0.071156 0.074523 -27.078125
0.066804 0.024645 0.997462 159.308899 -0.075702 0.996939 -0.019562 -1.639090 -0.994890 -0.074203 0.068465 -27.016512
0.060510 0.022423 0.997916 160.013306 -0.074820 0.997037 -0.017867 -1.670705 -0.995359 -0.073583 0.062009 -26.979948
0.054816 0.021630 0.998262 160.725296 -0.074327 0.997080 -0.017523 -1.699052 -0.995726 -0.073237 0.056264 -26.937445
0.048196 0.022897 0.998575 161.407806 -0.073967 0.997074 -0.019293 -1.721631 -0.996095 -0.072931 0.049749 -26.898745
0.042941 0.024743 0.998771 162.089584 -0.073411 0.997069 -0.021545 -1.749067 -0.996377 -0.072396 0.044632 -26.867495
0.039591 0.026438 0.998866 162.759369 -0.073003 0.997055 -0.023497 -1.772568 -0.996546 -0.071990 0.041404 -26.843578
0.037412 0.027234 0.998929 163.417770 -0.067440 0.997418 -0.024667 -1.798397 -0.997022 -0.066445 0.039152 -26.830267
0.037634 0.025803 0.998958 164.104691 -0.065542 0.997578 -0.023298 -1.833154 -0.997140 -0.064597 0.039234 -26.808796
0.040426 0.022740 0.998924 164.813583 -0.064327 0.997726 -0.020110 -1.872261 -0.997110 -0.063445 0.041797 -26.787678
0.046820 0.021842 0.998665 165.497253 -0.063647 0.997795 -0.018839 -1.908074 -0.996874 -0.062680 0.048107 -26.755972
0.056798 0.022680 0.998128 166.178162 -0.062624 0.997854 -0.019110 -1.940446 -0.996420 -0.061421 0.058097 -26.723787
0.069992 0.023021 0.997282 166.849976 -0.061261 0.997946 -0.018737 -1.969534 -0.995665 -0.059783 0.071258 -26.684917
0.084432 0.022026 0.996186 167.507843 -0.061973 0.997936 -0.016813 -1.997709 -0.994500 -0.060317 0.085622 -26.617537
0.100344 0.018191 0.994786 168.178497 -0.064921 0.997822 -0.011698 -2.019824 -0.992832 -0.063409 0.101307 -26.530056
0.115739 0.013056 0.993194 168.852768 -0.067870 0.997681 -0.005206 -2.039385 -0.990958 -0.066805 0.116357 -26.441956
0.131701 0.007144 0.991264 169.515060 -0.069691 0.997566 0.002070 -2.058283 -0.988837 -0.069355 0.131879 -26.344633
0.148410 0.000699 0.988926 170.178009 -0.070299 0.997477 0.009845 -2.070705 -0.986424 -0.070981 0.148085 -26.242468
0.165046 -0.004655 0.986275 170.823242 -0.070140 0.997402 0.016445 -2.079051 -0.983789 -0.071891 0.164290 -26.128639
0.182923 -0.006810 0.983104 171.459259 -0.069966 0.997350 0.019927 -2.090434 -0.980634 -0.072429 0.181962 -26.004166
0.200743 -0.007237 0.979617 172.087585 -0.067724 0.997478 0.021246 -2.089918 -0.977300 -0.070608 0.199747 -25.875940
0.217453 -0.007280 0.976044 172.697037 -0.066261 0.997555 0.022203 -2.086629 -0.973819 -0.069501 0.216439 -25.733501
0.233236 -0.007996 0.972387 173.311264 -0.067394 0.997429 0.024367 -2.084445 -0.970082 -0.071216 0.232097 -25.564783
0.247314 -0.009931 0.968884 173.921921 -0.069665 0.997177 0.028004 -2.078493 -0.966428 -0.074423 0.245924 -25.386854
0.259922 -0.013597 0.965534 174.538086 -0.066445 0.997279 0.031931 -2.080187 -0.963341 -0.072455 0.258311 -25.223804
0.270565 -0.015357 0.962579 175.136948 -0.062397 0.997491 0.033452 -2.081286 -0.960677 -0.069113 0.268928 -25.061691
0.280242 -0.012911 0.959842 175.714600 -0.064371 0.997406 0.032210 -2.089547 -0.957769 -0.070813 0.278684 -24.871820
0.288673 -0.007023 0.957402 176.266174 -0.066372 0.997421 0.027329 -2.094086 -0.955124 -0.071434 0.287462 -24.679827
0.297689 0.002251 0.954660 176.810608 -0.066292 0.997632 0.018319 -2.092736 -0.952358 -0.068740 0.297133 -24.493048
0.306045 0.009239 0.951972 177.366196 -0.062716 0.997976 0.010477 -2.085912 -0.949949 -0.062910 0.306005 -24.318623
0.313076 0.009338 0.949682 177.941208 -0.061471 0.998054 0.010451 -2.076349 -0.947737 -0.061650 0.313041 -24.120230
0.319044 0.004585 0.947729 178.535843 -0.065252 0.997722 0.017140 -2.068677 -0.945491 -0.067310 0.318617 -23.895168
0.323749 -0.004102 0.946134 179.137711 -0.070214 0.997129 0.028349 -2.066842 -0.943534 -0.075610 0.322531 -23.667702
0.326316 -0.011801 0.945187 179.743042 -0.071245 0.996771 0.037042 -2.065520 -0.942572 -0.079428 0.324422 -23.450241
0.327143 -0.014852 0.944858 180.340988 -0.066689 0.997021 0.038762 -2.076387 -0.942619 -0.075692 0.325178 -23.253920
0.328502 -0.013339 0.944409 180.920578 -0.062964 0.997367 0.035988 -2.065272 -0.942402 -0.071286 0.326797 -23.063557
0.329981 -0.013420 0.943892 181.518433 -0.060348 0.997554 0.035281 -2.052844 -0.942057 -0.068604 0.328364 -22.865749
0.331802 -0.014543 0.943237 182.122833 -0.061517 0.997419 0.037018 -2.032629 -0.941341 -0.070308 0.330051 -22.650784
0.334208 -0.017403 0.942339 182.732956 -0.061281 0.997313 0.040151 -2.019250 -0.940505 -0.071166 0.332243 -22.431173
0.337061 -0.021571 0.941236 183.358932 -0.060985 0.997138 0.044691 -2.006119 -0.939506 -0.072465 0.334781 -22.215034
0.340636 -0.024620 0.939873 183.985031 -0.059593 0.997082 0.047717 -1.994190 -0.938305 -0.072264 0.338175 -21.992657
0.345921 -0.026147 0.937899 184.606003 -0.058231 0.997086 0.049275 -1.973652 -0.936455 -0.071660 0.343390 -21.777248
0.352814 -0.028269 0.935266 185.223831 -0.057323 0.997013 0.051760 -1.953015 -0.933936 -0.071874 0.350140 -21.571747
0.361603 -0.030283 0.931840 185.847748 -0.054148 0.997103 0.053416 -1.936303 -0.930759 -0.069772 0.358916 -21.352949
0.371805 -0.028041 0.927887 186.458481 -0.056061 0.997041 0.052595 -1.924098 -0.926617 -0.071573 0.369133 -21.118063
0.382723 -0.025189 0.923519 187.071869 -0.056177 0.997144 0.050478 -1.908539 -0.922153 -0.071200 0.380215 -20.877911
0.393834 -0.022009 0.918918 187.680450 -0.057281 0.997183 0.048433 -1.888703 -0.917395 -0.071711 0.391464 -20.631533
0.404722 -0.020260 0.914215 188.298721 -0.057041 0.997248 0.047353 -1.859541 -0.912659 -0.071312 0.402453 -20.376469
0.415762 -0.021557 0.909218 188.924057 -0.057816 0.997070 0.050077 -1.839469 -0.907634 -0.073387 0.413298 -20.104673
0.426839 -0.022303 0.904052 189.542496 -0.058318 0.996936 0.052129 -1.822177 -0.902445 -0.074974 0.424231 -19.816931
0.437806 -0.022285 0.898793 190.159180 -0.060006 0.996739 0.053942 -1.812770 -0.897065 -0.077549 0.435041 -19.522709
0.447038 -0.022399 0.894234 190.778656 -0.063133 0.996403 0.056519 -1.786153 -0.892284 -0.081722 0.444017 -19.215004
0.454299 -0.021085 0.890600 191.391800 -0.066644 0.996114 0.057579 -1.765688 -0.888353 -0.085512 0.451128 -18.891224
0.459054 -0.022267 0.888129 192.009476 -0.066576 0.996013 0.059384 -1.732861 -0.885910 -0.086389 0.455741 -18.574814
0.461318 -0.026196 0.886848 192.644455 -0.062947 0.996079 0.062166 -1.708063 -0.884999 -0.084502 0.457860 -18.254883
0.462434 -0.025877 0.886276 193.258789 -0.059563 0.996409 0.060170 -1.681315 -0.884651 -0.080614 0.459233 -17.936630
0.462223 -0.025464 0.886398 193.890152 -0.059015 0.996488 0.059401 -1.655752 -0.884798 -0.079767 0.459097 -17.606726
0.461384 -0.024777 0.886855 194.535049 -0.055662 0.996832 0.056808 -1.623532 -0.885453 -0.075575 0.458543 -17.293591
