1.000000 0.000000 0.000000 0.000000 0.000000 1.000000 0.000000 0.000000 0.000000 0.000000 1.000000 0.000000
0.999881 0.001390 0.015340 -0.015787 -0.001385 0.999999 -0.000303 -0.010410 -0.015341 0.000281 0.999882 0.097188
0.999324 0.003964 0.036551 -0.009048 -0.003979 0.999992 0.000341 -0.010599 -0.036549 -0.000486 0.999332 0.223661
0.997946 0.005581 0.063818 -0.016386 -0.005721 0.999982 0.002012 -0.005672 -0.063805 -0.002373 0.997960 0.370944
0.995252 0.005200 0.097195 -0.003360 -0.005678 0.999973 0.004634 0.003203 -0.097168 -0.005164 0.995255 0.533386
0.990899 0.002012 0.134590 0.050857 -0.002984 0.999971 0.007022 0.016052 -0.134572 -0.007360 0.990876 0.713311
0.984767 -0.001345 0.173876 0.105798 -0.000081 0.999966 0.008191 0.008702 -0.173881 -0.008081 0.984734 0.899730
0.976071 -0.002103 0.217442 0.155555 -0.000125 0.999948 0.010233 -0.003703 -0.217452 -0.010015 0.976020 1.109843
0.964435 -0.002205 0.264311 0.222860 -0.001458 0.999906 0.013660 0.006517 -0.264316 -0.013560 0.964341 1.323793
0.950344 -0.005907 0.311145 0.325926 -0.000671 0.999779 0.021028 0.026849 -0.311200 -0.020193 0.950130 1.573560
0.933827 -0.015382 0.357394 0.458886 0.005173 0.999551 0.029503 0.031527 -0.357687 -0.025702 0.933488 1.799891
0.912970 -0.021906 0.407439 0.594353 0.008175 0.999339 0.035411 0.009526 -0.407945 -0.028999 0.912546 2.019191
0.888211 -0.024591 0.458777 0.732927 0.006862 0.999165 0.040271 -0.008645 -0.459384 -0.032621 0.887638 2.278923
0.860678 -0.027069 0.508430 0.898228 0.004508 0.998952 0.045555 0.015002 -0.509131 -0.036916 0.859897 2.527841
0.829195 -0.032457 0.558017 1.087146 0.005074 0.998709 0.050550 0.030020 -0.558937 -0.039084 0.828289 2.756176
0.794251 -0.038773 0.606352 1.298351 0.006847 0.998470 0.054879 0.034903 -0.607552 -0.039436 0.793301 2.991329
0.757328 -0.044066 0.651546 1.547130 0.007686 0.998253 0.058582 0.039512 -0.652989 -0.039358 0.756344 3.229653
0.718229 -0.048171 0.694137 1.813684 0.008337 0.998125 0.060641 0.049276 -0.695757 -0.037767 0.717284 3.465546
0.677280 -0.051065 0.733951 2.101882 0.007373 0.998009 0.062633 0.057425 -0.735688 -0.037009 0.676308 3.704412
0.635233 -0.052367 0.770543 2.408783 0.002716 0.997844 0.065575 0.071232 -0.772316 -0.039563 0.634006 3.963658
0.594280 -0.053904 0.802450 2.757308 -0.000774 0.997713 0.067594 0.092699 -0.804258 -0.040791 0.592879 4.210839
0.554986 -0.055549 0.830003 3.136474 -0.003446 0.997606 0.069071 0.119940 -0.831852 -0.041193 0.553466 4.445828
0.517257 -0.058613 0.853820 3.539340 -0.004985 0.997429 0.071491 0.138457 -0.855815 -0.041235 0.515635 4.677910
0.479912 -0.059692 0.875284 3.962495 -0.008025 0.997342 0.072416 0.158470 -0.877280 -0.041778 0.478157 4.914089
0.444201 -0.059788 0.893930 4.408977 -0.009627 0.997395 0.071492 0.191490 -0.895876 -0.040363 0.442468 5.131612
0.410676 -0.059297 0.909851 4.896599 -0.008810 0.997578 0.068991 0.223671 -0.911739 -0.036349 0.409159 5.332861
0.381000 -0.058291 0.922736 5.413361 -0.007289 0.997790 0.066042 0.253189 -0.924546 -0.031888 0.379734 5.541561
0.355516 -0.056976 0.932932 5.954562 -0.006561 0.997964 0.063448 0.281059 -0.934647 -0.028678 0.354418 5.740329
0.335626 -0.056571 0.940295 6.534809 -0.006055 0.998045 0.062206 0.313292 -0.941976 -0.026571 0.334627 5.941343
0.320515 -0.057214 0.945514 7.154716 -0.005626 0.998042 0.062300 0.346202 -0.947227 -0.025287 0.319566 6.142499
0.309352 -0.058785 0.949129 7.788706 -0.004987 0.997974 0.063435 0.373612 -0.950934 -0.024357 0.308432 6.341656
0.299148 -0.060833 0.952265 8.445594 -0.006252 0.997819 0.065707 0.403958 -0.954186 -0.025610 0.298116 6.560740
0.288957 -0.062806 0.955280 9.111034 -0.008023 0.997652 0.068019 0.440257 -0.957309 -0.027319 0.287774 6.772676
0.279348 -0.064665 0.958010 9.809011 -0.008909 0.997512 0.069929 0.481161 -0.960149 -0.028069 0.278077 6.984022
0.269713 -0.066946 0.960611 10.521669 -0.009821 0.997337 0.072263 0.519039 -0.962891 -0.028924 0.268337 7.185951
0.259711 -0.068834 0.963230 11.250616 -0.010222 0.997204 0.074018 0.561645 -0.965632 -0.029070 0.258281 7.389407
0.249959 -0.070443 0.965691 12.009790 -0.011027 0.997078 0.075587 0.601323 -0.968194 -0.029542 0.248452 7.585849
0.240390 -0.073429 0.967895 12.771764 -0.012826 0.996807 0.078808 0.641816 -0.970592 -0.031359 0.238680 7.790812
0.230199 -0.077139 0.970081 13.555158 -0.015059 0.996452 0.082809 0.692618 -0.973027 -0.033671 0.228221 7.981129
0.218053 -0.081248 0.972549 14.349916 -0.015881 0.996101 0.086776 0.742222 -0.975808 -0.034367 0.215913 8.160921
0.205499 -0.083943 0.975051 15.129914 -0.016241 0.995885 0.089159 0.794820 -0.978523 -0.034158 0.203290 8.338002
0.191883 -0.085044 0.977726 15.918099 -0.016332 0.995824 0.089823 0.844892 -0.981282 -0.033204 0.189693 8.498600
0.177513 -0.084615 0.980474 16.710361 -0.017472 0.995869 0.089107 0.897857 -0.983963 -0.032948 0.175302 8.646077
0.161426 -0.083965 0.983306 17.504313 -0.018427 0.995944 0.088069 0.951516 -0.986713 -0.032336 0.159224 8.786312
0.141958 -0.083206 0.986369 18.289461 -0.021259 0.995975 0.087075 0.999042 -0.989644 -0.033330 0.139618 8.916224
0.117344 -0.082400 0.989667 19.087837 -0.026146 0.995950 0.086023 1.051681 -0.992747 -0.035970 0.114714 9.026793
0.087445 -0.082483 0.992749 19.888477 -0.031070 0.995856 0.085478 1.104701 -0.995685 -0.038319 0.084519 9.113871
0.054311 -0.082883 0.995078 20.710228 -0.034567 0.995796 0.084830 1.162420 -0.997926 -0.039005 0.051217 9.175470
0.020813 -0.082851 0.996345 21.537792 -0.036236 0.995843 0.083566 1.213342 -0.999126 -0.037843 0.017724 9.203203
-0.013054 -0.082404 0.996514 22.375933 -0.037799 0.995927 0.081860 1.262708 -0.999200 -0.036598 -0.016115 9.205032
-0.045648 -0.080946 0.995673 23.208456 -0.040099 0.996057 0.079139 1.308801 -0.998152 -0.036312 -0.048714 9.179211
-0.077941 -0.078302 0.993878 24.040651 -0.042196 0.996277 0.075181 1.361908 -0.996065 -0.036078 -0.080955 9.132867
-0.109786 -0.073672 0.991221 24.869347 -0.039419 0.996787 0.069720 1.414262 -0.993173 -0.031419 -0.112337 9.033608
-0.141490 -0.068502 0.987567 25.697624 -0.035155 0.997321 0.064142 1.456730 -0.989315 -0.025643 -0.143519 8.902206
-0.172390 -0.062690 0.983032 26.525421 -0.029580 0.997852 0.058448 1.496740 -0.984585 -0.019002 -0.173874 8.743488
-0.201202 -0.058033 0.977829 27.346003 -0.025080 0.998221 0.054082 1.521857 -0.979229 -0.013643 -0.202300 8.556272
-0.229316 -0.051847 0.971970 28.154655 -0.016301 0.998645 0.049424 1.563611 -0.973215 -0.004510 -0.229851 8.346272
-0.255685 -0.041493 0.965869 28.959358 -0.010121 0.999139 0.040243 1.592269 -0.966707 0.000514 -0.255885 8.116243
-0.281916 -0.026012 0.959086 29.737118 -0.005384 0.999660 0.025530 1.614206 -0.959424 0.002033 -0.281960 7.866473
-0.306881 -0.009384 0.951701 30.491299 -0.004871 0.999954 0.008289 1.611785 -0.951735 -0.002092 -0.306913 7.625274
-0.332859 0.004316 0.942967 31.241222 -0.006513 0.999955 -0.006875 1.600861 -0.942954 -0.008430 -0.332816 7.366557
-0.357505 0.014357 0.933801 31.993898 -0.004577 0.999843 -0.017125 1.572672 -0.933900 -0.010396 -0.357383 7.090334
-0.381004 0.018366 0.924391 32.758068 -0.001498 0.999789 -0.020482 1.530381 -0.924572 -0.009189 -0.380896 6.773630
-0.403846 0.016884 0.914671 33.521896 0.000363 0.999833 -0.018296 1.485461 -0.914827 -0.007057 -0.403784 6.446053
-0.424018 0.012664 0.905565 34.289318 0.003346 0.999917 -0.012417 1.445131 -0.905647 -0.002235 -0.424026 6.081586
-0.442095 0.010862 0.896903 35.038879 0.009658 0.999926 -0.007349 1.424197 -0.896916 0.005413 -0.442167 5.701538
-0.456354 0.011787 0.889720 35.786873 0.013762 0.999886 -0.006188 1.398762 -0.889692 0.009420 -0.456465 5.325298
-0.467764 0.014845 0.883729 36.494907 0.016364 0.999833 -0.008134 1.363778 -0.883702 0.010657 -0.467928 4.948393
-0.477716 0.017567 0.878339 37.202679 0.018207 0.999783 -0.010093 1.339204 -0.878325 0.011171 -0.477933 4.570782
-0.488505 0.016683 0.872401 37.899498 0.012649 0.999848 -0.012037 1.287379 -0.872469 0.005155 -0.488642 4.208482
-0.499633 0.014937 0.866109 38.607990 0.010181 0.999884 -0.011371 1.277148 -0.866178 0.003136 -0.499726 3.816263
-0.508750 0.016329 0.860759 39.301991 0.011847 0.999858 -0.011965 1.262593 -0.860833 0.004110 -0.508871 3.413204
-0.516374 0.019288 0.856146 39.992455 0.015179 0.999795 -0.013369 1.235805 -0.856229 0.006092 -0.516561 2.989854
-0.520491 0.022569 0.853569 40.707596 0.016405 0.999730 -0.016430 1.210559 -0.853710 0.005451 -0.520721 2.575268
-0.520148 0.024052 0.853737 41.447941 0.015797 0.999703 -0.018539 1.177311 -0.853930 0.003844 -0.520374 2.141336
-0.517121 0.024796 0.855553 42.187363 0.018107 0.999673 -0.018029 1.153190 -0.855721 0.006169 -0.517401 1.692592
-0.511366 0.023740 0.859035 42.954865 0.017128 0.999701 -0.017431 1.120065 -0.859192 0.005799 -0.511620 1.248102
-0.504177 0.022528 0.863306 43.726269 0.015120 0.999737 -0.017258 1.092485 -0.863468 0.004352 -0.504385 0.801172
-0.496674 0.022060 0.867657 44.516178 0.013575 0.999752 -0.017647 1.066796 -0.867831 0.003014 -0.496850 0.340327
-0.489982 0.020710 0.871486 45.313873 0.011097 0.999785 -0.017519 1.033434 -0.871662 0.001087 -0.490107 -0.104362
-0.484870 0.018572 0.874389 46.141094 0.007220 0.999825 -0.017233 0.999948 -0.874557 -0.002043 -0.484919 -0.548543
-0.483121 0.015653 0.875414 46.976692 0.002327 0.999860 -0.016594 0.973287 -0.875550 -0.005980 -0.483090 -0.994728
-0.483239 0.013355 0.875386 47.834694 -0.000601 0.999878 -0.015586 0.942573 -0.875488 -0.008058 -0.483172 -1.455929
-0.484138 0.011656 0.874914 48.701618 -0.002730 0.999886 -0.014831 0.911091 -0.874988 -0.009569 -0.484051 -1.922214
-0.484573 0.011251 0.874679 49.583828 -0.002627 0.999894 -0.014317 0.883441 -0.874747 -0.009235 -0.484492 -2.401488
-0.484808 0.010449 0.874558 50.480000 -0.002975 0.999903 -0.013596 0.852069 -0.874615 -0.009193 -0.484730 -2.881285
-0.484831 0.009871 0.874552 51.372368 -0.002612 0.999916 -0.012733 0.824050 -0.874604 -0.008458 -0.484765 -3.379333
-0.485073 0.009162 0.874426 52.270947 -0.003085 0.999921 -0.012187 0.782854 -0.874468 -0.008609 -0.485007 -3.871685
-0.485147 0.007766 0.874398 53.179066 -0.004543 0.999925 -0.011401 0.755227 -0.874421 -0.009503 -0.485075 -4.359875
-0.484992 0.007019 0.874490 54.078529 -0.005188 0.999927 -0.010904 0.721997 -0.874503 -0.009825 -0.484920 -4.851359
-0.484672 0.005998 0.874676 54.994621 -0.006286 0.999927 -0.010340 0.686699 -0.874674 -0.010509 -0.484598 -5.352690
-0.483515 0.004620 0.875324 55.904278 -0.007016 0.999933 -0.009154 0.649821 -0.875308 -0.010567 -0.483451 -5.841822
-0.481462 0.002595 0.876463 56.803490 -0.006760 0.999955 -0.006674 0.618810 -0.876441 -0.009138 -0.481423 -6.341386
-0.479204 0.001382 0.877702 57.696224 -0.005904 0.999971 -0.004798 0.588851 -0.877684 -0.007481 -0.479182 -6.830268
-0.476880 0.000604 0.878968 58.599113 -0.005931 0.999975 -0.003905 0.557170 -0.878948 -0.007076 -0.476865 -7.322054
-0.474685 0.000854 0.880156 59.488575 -0.005199 0.999979 -0.003774 0.528384 -0.880141 -0.006368 -0.474670 -7.793224
-0.473230 0.001200 0.880938 60.379169 -0.005049 0.999979 -0.004075 0.497328 -0.880924 -0.006376 -0.473214 -8.280950
-0.473640 0.002482 0.880715 61.273285 -0.005359 0.999969 -0.005700 0.468205 -0.880702 -0.007419 -0.473612 -8.752206
-0.476194 0.004008 0.879331 62.168236 -0.006651 0.999945 -0.008159 0.435447 -0.879315 -0.009734 -0.476141 -9.232159
-0.480339 0.004652 0.877070 63.056461 -0.008035 0.999921 -0.009704 0.401156 -0.877046 -0.011709 -0.480264 -9.706022
-0.485880 0.003513 0.874018 63.940594 -0.008902 0.999920 -0.008968 0.379760 -0.873980 -0.012138 -0.485810 -10.176360
-0.491538 0.001066 0.870855 64.829826 -0.006365 0.999968 -0.004816 0.337070 -0.870833 -0.007911 -0.491516 -10.670034
-0.496457 -0.001240 0.868060 65.701736 -0.008112 0.999962 -0.003211 0.308116 -0.868023 -0.008636 -0.496448 -11.158186
-0.501581 0.000293 0.865110 66.569916 -0.007924 0.999956 -0.004933 0.274062 -0.865074 -0.009329 -0.501557 -11.651246
-0.506524 0.002670 0.862222 67.417763 -0.007062 0.999949 -0.007245 0.247793 -0.862197 -0.009759 -0.506479 -12.153836
-0.511353 0.003043 0.859366 68.267380 -0.008356 0.999929 -0.008513 0.215668 -0.859330 -0.011534 -0.511291 -12.641369
-0.515451 0.003517 0.856912 69.110298 -0.009463 0.999907 -0.009797 0.184327 -0.856867 -0.013159 -0.515370 -13.121173
-0.518906 0.003240 0.854825 69.949883 -0.009911 0.999903 -0.009807 0.149597 -0.854774 -0.013561 -0.518823 -13.619355
-0.521537 -0.001778 0.853227 70.798218 -0.008517 0.999959 -0.003123 0.126877 -0.853186 -0.008896 -0.521531 -14.138500
-0.523380 -0.010068 0.852040 71.655273 -0.007883 0.999945 0.006974 0.102703 -0.852063 -0.003067 -0.523430 -14.664896
-0.525195 -0.014463 0.850859 72.492706 -0.007560 0.999895 0.012330 0.079372 -0.850949 0.000043 -0.525249 -15.178554
-0.526348 -0.011217 0.850195 73.312836 -0.006665 0.999937 0.009066 0.059011 -0.850243 -0.000895 -0.526390 -15.680210
-0.527894 -0.005749 0.849291 74.110764 -0.006344 0.999976 0.002826 0.041225 -0.849286 -0.003896 -0.527918 -16.178251
-0.528551 -0.000316 0.848902 74.912338 -0.001618 0.999999 -0.000635 0.030273 -0.848900 -0.001709 -0.528551 -16.695621
-0.528906 0.001499 0.848679 75.721260 0.001798 0.999998 -0.000645 0.002544 -0.848678 0.001185 -0.528908 -17.208723
-0.528289 -0.000862 0.849064 76.539810 0.002607 0.999993 0.002637 -0.022737 -0.849061 0.003607 -0.528283 -17.717649
-0.527420 -0.005417 0.849587 77.357361 0.000653 0.999977 0.006782 -0.035723 -0.849604 0.004132 -0.527405 -18.219105
-0.526545 -0.011409 0.850071 78.168716 -0.000894 0.999917 0.012867 -0.048361 -0.850147 0.006015 -0.526512 -18.714638
-0.525492 -0.018101 0.850606 79.007950 -0.008082 0.999835 0.016284 -0.076570 -0.850760 0.001682 -0.525551 -19.197256
-0.524349 -0.023405 0.851182 79.839539 -0.016282 0.999715 0.017459 -0.079196 -0.851348 -0.004704 -0.524581 -19.670692
-0.522902 -0.023820 0.852060 80.649635 -0.016038 0.999707 0.018106 -0.082692 -0.852242 -0.004198 -0.523131 -20.166584
-0.519606 -0.021094 0.854146 81.447884 -0.010993 0.999777 0.018003 -0.096102 -0.854335 -0.000036 -0.519722 -20.662931
-0.514834 -0.017668 0.857108 82.246742 -0.008099 0.999843 0.015746 -0.102304 -0.857251 0.001164 -0.514897 -21.151045
-0.507373 -0.015574 0.861586 83.049950 -0.004613 0.999871 0.015357 -0.106208 -0.861714 0.003817 -0.507379 -21.630266
-0.499500 -0.013263 0.866212 83.849716 0.001556 0.999867 0.016207 -0.123473 -0.866313 0.009443 -0.499413 -22.116735
-0.489685 -0.012799 0.871806 84.660812 0.003990 0.999849 0.016920 -0.132366 -0.871890 0.011763 -0.489560 -22.582382
-0.478637 -0.014993 0.877885 85.491745 -0.000558 0.999859 0.016772 -0.141182 -0.878013 0.007538 -0.478578 -23.010960
-0.467505 -0.017714 0.883813 86.327713 0.000682 0.999792 0.020399 -0.140768 -0.883990 0.010139 -0.467395 -23.453503
-0.455883 -0.019295 0.889831 87.145676 0.000897 0.999754 0.022138 -0.151541 -0.890039 0.010891 -0.455754 -23.872602
-0.444328 -0.019905 0.895643 87.976593 0.001334 0.999737 0.022880 -0.148485 -0.895863 0.011361 -0.444185 -24.275694
-0.432009 -0.018726 0.901675 88.815392 0.004260 0.999731 0.022803 -0.152977 -0.901859 0.013692 -0.431813 -24.687773
-0.419776 -0.016045 0.907486 89.646500 0.005025 0.999787 0.020002 -0.165126 -0.907614 0.012956 -0.419606 -25.074516
-0.408221 -0.009000 0.912839 90.462532 0.006292 0.999900 0.012672 -0.177333 -0.912862 0.010917 -0.408123 -25.445168
-0.395186 -0.001872 0.918599 91.295448 0.008349 0.999949 0.005630 -0.178039 -0.918563 0.009895 -0.395150 -25.802862
-0.383388 -0.003983 0.923579 92.141258 0.003368 0.999978 0.005711 -0.181854 -0.923581 0.005300 -0.383366 -26.148958
-0.371242 -0.007841 0.928503 93.021141 0.004081 0.999941 0.010076 -0.208116 -0.928527 0.007530 -0.371188 -26.498035
-0.360889 -0.008202 0.932573 93.867088 0.003013 0.999946 0.009960 -0.224221 -0.932604 0.006405 -0.360845 -26.825161
-0.353462 -0.004132 0.935440 94.702904 0.000253 0.999990 0.004512 -0.247300 -0.935449 0.001831 -0.353457 -27.130367
-0.347768 0.001396 0.937580 95.539703 -0.004076 0.999987 -0.003001 -0.249605 -0.937572 -0.004865 -0.347758 -27.426294
-0.344142 0.004351 0.938907 96.397346 -0.008810 0.999930 -0.007862 -0.270799 -0.938876 -0.010977 -0.344080 -27.724939
-0.340575 0.004922 0.940204 97.261452 -0.009941 0.999912 -0.008836 -0.286876 -0.940165 -0.012356 -0.340496 -28.031557
-0.335792 0.004047 0.941927 98.112045 -0.012230 0.999888 -0.008656 -0.313000 -0.941857 -0.014427 -0.335705 -28.312605
-0.330130 0.000679 0.943935 98.971725 -0.015052 0.999869 -0.005984 -0.333401 -0.943815 -0.016184 -0.330077 -28.606173
-0.324836 -0.003295 0.945765 99.834526 -0.016476 0.999862 -0.002176 -0.358739 -0.945627 -0.016289 -0.324846 -28.902252
-0.319126 -0.006236 0.947692 100.700409 -0.016730 0.999860 0.000945 -0.383053 -0.947564 -0.015554 -0.319186 -29.176235
-0.313122 -0.007510 0.949683 101.557190 -0.018873 0.999820 0.001684 -0.419077 -0.949525 -0.017396 -0.313208 -29.442890
-0.306618 -0.007407 0.951804 102.421204 -0.027302 0.999627 -0.001016 -0.416968 -0.951441 -0.026298 -0.306706 -29.679611
-0.300094 -0.004902 0.953897 103.260590 -0.028315 0.999592 -0.003771 -0.445560 -0.953489 -0.028141 -0.300110 -29.944853
-0.293151 -0.001394 0.956065 104.114784 -0.027184 0.999607 -0.006878 -0.478431 -0.955679 -0.028006 -0.293074 -30.209646
-0.286041 -0.002581 0.958214 104.990723 -0.029678 0.999541 -0.006167 -0.499029 -0.957758 -0.030202 -0.285987 -30.473013
-0.279131 -0.005847 0.960235 105.867622 -0.029045 0.999575 -0.002357 -0.502897 -0.959814 -0.028548 -0.279183 -30.718346
-0.272193 -0.009129 0.962199 106.739273 -0.029049 0.999577 0.001266 -0.527184 -0.961804 -0.027606 -0.272343 -30.965145
-0.265624 -0.007298 0.964049 107.602257 -0.030276 0.999541 -0.000775 -0.560926 -0.963601 -0.029393 -0.265723 -31.194921
-0.259079 -0.004238 0.965847 108.454193 -0.030078 0.999541 -0.003683 -0.578637 -0.965388 -0.030005 -0.259087 -31.423254
-0.252373 -0.002905 0.967626 109.329918 -0.031072 0.999504 -0.005103 -0.597549 -0.967131 -0.031354 -0.252338 -31.644670
-0.245501 -0.003355 0.969391 110.195435 -0.031663 0.999488 -0.004560 -0.620284 -0.968879 -0.031813 -0.245481 -31.857792
-0.237789 -0.003533 0.971310 111.068039 -0.029351 0.999563 -0.003550 -0.641354 -0.970873 -0.029353 -0.237789 -32.075775
-0.229920 -0.002671 0.973206 111.929268 -0.025563 0.999668 -0.003296 -0.668264 -0.972874 -0.025636 -0.229912 -32.295296
-0.223032 -0.001778 0.974809 112.805206 -0.023899 0.999708 -0.003645 -0.693304 -0.974518 -0.024110 -0.223010 -32.505783
-0.216350 -0.002594 0.976312 113.670219 -0.027921 0.999604 -0.003531 -0.715568 -0.975917 -0.028023 -0.216337 -32.677082
-0.210298 -0.004240 0.977628 114.548676 -0.032770 0.999459 -0.002715 -0.740772 -0.977088 -0.032608 -0.210323 -32.844311
-0.205599 -0.003600 0.978630 115.429520 -0.030214 0.999540 -0.002671 -0.748417 -0.978170 -0.030117 -0.205613 -33.040230
-0.200921 -0.003876 0.979600 116.311142 -0.029475 0.999563 -0.002090 -0.780465 -0.979164 -0.029293 -0.200948 -33.227795
-0.196194 -0.003045 0.980560 117.179863 -0.028593 0.999588 -0.002617 -0.805394 -0.980148 -0.028550 -0.196200 -33.408726
-0.190689 -0.003312 0.981645 118.056374 -0.025790 0.999666 -0.001637 -0.822208 -0.981312 -0.025628 -0.190710 -33.588814
-0.185399 -0.004761 0.982652 118.937363 -0.019166 0.999816 0.001228 -0.842743 -0.982476 -0.018605 -0.185456 -33.778202
-0.180474 -0.006114 0.983561 119.810066 -0.015256 0.999878 0.003416 -0.867065 -0.983461 -0.014389 -0.180545 -33.946568
-0.176027 -0.005354 0.984371 120.685318 -0.016290 0.999864 0.002525 -0.892278 -0.984251 -0.015591 -0.176090 -34.093746
-0.172504 -0.003400 0.985003 121.553467 -0.018053 0.999837 0.000289 -0.904584 -0.984843 -0.017732 -0.172537 -34.246590
-0.170744 -0.002944 0.985311 122.406693 -0.018772 0.999824 -0.000265 -0.916313 -0.985137 -0.018542 -0.170769 -34.384792
-0.169695 -0.004250 0.985488 123.269981 -0.021596 0.999767 0.000592 -0.937817 -0.985260 -0.021182 -0.169747 -34.528011
-0.168405 -0.007670 0.985688 124.136208 -0.020380 0.999783 0.004298 -0.946310 -0.985507 -0.019365 -0.168525 -34.672882
-0.167491 -0.012890 0.985789 125.021217 -0.021253 0.999729 0.009461 -0.961532 -0.985645 -0.019366 -0.167719 -34.804184
-0.166382 -0.015430 0.985941 125.891098 -0.018697 0.999747 0.012491 -0.984387 -0.985884 -0.016356 -0.166628 -34.955166
-0.165675 -0.012474 0.986102 126.727707 -0.018559 0.999782 0.009529 -1.000654 -0.986006 -0.016722 -0.165870 -35.095024
-0.165135 -0.008396 0.986235 127.579582 -0.018652 0.999812 0.005389 -1.012296 -0.986095 -0.017505 -0.165260 -35.236435
-0.165164 -0.008677 0.986228 128.434647 -0.022084 0.999743 0.005097 -1.020185 -0.986019 -0.020938 -0.165314 -35.365185
-0.164912 -0.009614 0.986261 129.282562 -0.025023 0.999671 0.005561 -1.039574 -0.985991 -0.023762 -0.165098 -35.493244
-0.164364 -0.009336 0.986356 130.132950 -0.022299 0.999735 0.005747 -1.051835 -0.986148 -0.021051 -0.164528 -35.640324
-0.163193 -0.007471 0.986566 130.983093 -0.020724 0.999777 0.004143 -1.076322 -0.986376 -0.019770 -0.163312 -35.780537
-0.163160 -0.006292 0.986580 131.824738 -0.029170 0.999573 0.001551 -1.083868 -0.986168 -0.028525 -0.163274 -35.887749
-0.162772 -0.004412 0.986654 132.659531 -0.032548 0.999470 -0.000900 -1.092438 -0.986127 -0.032260 -0.162829 -36.005337
-0.162256 -0.001468 0.986748 133.502243 -0.032066 0.999479 -0.003786 -1.113211 -0.986228 -0.032255 -0.162218 -36.140240
-0.161931 -0.000850 0.986802 134.348053 -0.032026 0.999477 -0.004394 -1.130615 -0.986282 -0.032314 -0.161874 -36.267921
-0.160046 0.000653 0.987109 135.177155 -0.030844 0.999508 -0.005662 -1.156786 -0.986628 -0.031352 -0.159947 -36.406162
-0.158385 0.000825 0.987377 135.999695 -0.024891 0.999679 -0.004828 -1.163971 -0.987064 -0.025341 -0.158313 -36.566193
-0.155404 -0.001962 0.987849 136.851227 -0.019198 0.999815 -0.001035 -1.201241 -0.987664 -0.019125 -0.155413 -36.709282
-0.153107 -0.006265 0.988190 137.694168 -0.017264 0.999844 0.003664 -1.211736 -0.988059 -0.016499 -0.153192 -36.853214
-0.149871 -0.007516 0.988677 138.505981 -0.011780 0.999914 0.005815 -1.235725 -0.988635 -0.010775 -0.149946 -36.994686
-0.145016 -0.003448 0.989423 139.296585 -0.008734 0.999959 0.002204 -1.262844 -0.989391 -0.008322 -0.145041 -37.117607
-0.138872 -0.000095 0.990310 140.071854 -0.006211 0.999980 -0.000775 -1.276362 -0.990291 -0.006258 -0.138870 -37.225117
-0.131246 0.000430 0.991350 140.864990 -0.010876 0.999939 -0.001874 -1.298350 -0.991290 -0.011028 -0.131234 -37.310760
-0.121891 -0.002190 0.992541 141.647034 -0.011641 0.999932 0.000777 -1.305506 -0.992475 -0.011460 -0.121908 -37.418877
-0.110821 -0.004077 0.993832 142.440231 -0.005989 0.999976 0.003434 -1.325676 -0.993822 -0.005571 -0.110843 -37.518909
-0.097899 -0.002626 0.995193 143.213394 -0.002606 0.999994 0.002382 -1.349833 -0.995193 -0.002360 -0.097906 -37.609634
-0.083918 -0.001391 0.996472 143.982056 -0.002333 0.999997 0.001199 -1.372809 -0.996470 -0.002224 -0.083921 -37.671539
-0.070234 -0.001247 0.997530 144.744019 -0.002801 0.999996 0.001053 -1.382565 -0.997527 -0.002720 -0.070237 -37.725224
-0.056748 -0.000160 0.998389 145.498199 0.002107 0.999998 0.000280 -1.400601 -0.998386 0.002120 -0.056747 -37.772427
-0.042996 0.004962 0.999063 146.227280 0.008397 0.999954 -0.004605 -1.429454 -0.999040 0.008191 -0.043036 -37.813198
-0.030314 0.013662 0.999447 146.949646 0.008847 0.999871 -0.013400 -1.447987 -0.999501 0.008436 -0.030431 -37.819172
-0.017410 0.022413 0.999597 147.675262 -0.001854 0.999746 -0.022448 -1.473930 -0.999847 -0.002244 -0.017364 -37.799271
-0.004346 0.025142 0.999674 148.405640 -0.008626 0.999646 -0.025179 -1.489701 -0.999953 -0.008733 -0.004128 -37.781807
0.007671 0.021809 0.999733 149.167221 -0.014767 0.999656 -0.021694 -1.509204 -0.999862 -0.014596 0.007991 -37.761829
0.018951 0.019455 0.999631 149.909225 -0.016537 0.999680 -0.019142 -1.544920 -0.999684 -0.016168 0.019267 -37.727886
0.028545 0.023758 0.999310 150.637665 -0.008330 0.999688 -0.023529 -1.603309 -0.999558 -0.007653 0.028734 -37.724277
0.035518 0.031845 0.998862 151.381775 -0.013776 0.999413 -0.031372 -1.635317 -0.999274 -0.012646 0.035935 -37.687935
0.039274 0.036453 0.998563 152.123535 -0.021456 0.999135 -0.035630 -1.658878 -0.998998 -0.020026 0.040022 -37.645115
0.039419 0.033776 0.998652 152.867813 -0.030337 0.999008 -0.032591 -1.680307 -0.998762 -0.029012 0.040404 -37.596107
0.038180 0.029119 0.998847 153.613007 -0.030441 0.999145 -0.027964 -1.733106 -0.998807 -0.029338 0.039034 -37.560665
0.035426 0.025989 0.999034 154.365509 -0.028568 0.999280 -0.024982 -1.769756 -0.998964 -0.027656 0.036143 -37.545631
0.032365 0.025263 0.999157 155.125427 -0.026118 0.999361 -0.024422 -1.807791 -0.999135 -0.025305 0.033004 -37.528671
0.029036 0.025175 0.999261 155.874252 -0.023793 0.999417 -0.024487 -1.839386 -0.999295 -0.023065 0.029618 -37.505138
0.024344 0.023794 0.999420 156.629532 -0.024977 0.999419 -0.023186 -1.872718 -0.999392 -0.024399 0.024924 -37.478390
0.019072 0.023545 0.999541 157.368378 -0.025639 0.999405 -0.023053 -1.911314 -0.999489 -0.025187 0.019664 -37.437778
0.012603 0.022247 0.999673 158.112030 -0.027483 0.999382 -0.021894 -1.934569 -0.999543 -0.027198 0.013207 -37.411243
0.006474 0.019977 0.999779 158.861267 -0.027107 0.999436 -0.019795 -1.963487 -0.999612 -0.026973 0.007012 -37.398056
0.001227 0.019011 0.999819 159.614960 -0.024796 0.999512 -0.018974 -2.004630 -0.999692 -0.024768 0.001698 -37.392570
-0.004528 0.019834 0.999793 160.331833 -0.024167 0.999509 -0.019938 -2.030322 -0.999698 -0.024253 -0.004046 -37.387962
-0.009382 0.021872 0.999717 161.054337 -0.025765 0.999424 -0.022108 -2.068176 -0.999624 -0.025965 -0.008813 -37.379707
-0.011888 0.023526 0.999653 161.761185 -0.024849 0.999407 -0.023816 -2.098071 -0.999621 -0.025123 -0.011296 -37.383587
-0.013374 0.024787 0.999603 162.480362 -0.021445 0.999456 -0.025071 -2.123277 -0.999681 -0.021772 -0.012835 -37.400581
-0.013004 0.023953 0.999628 163.204803 -0.020330 0.999500 -0.024214 -2.156044 -0.999709 -0.020637 -0.012511 -37.420406
-0.009589 0.020879 0.999736 163.939117 -0.018957 0.999599 -0.021058 -2.187795 -0.999774 -0.019154 -0.009190 -37.432205
-0.002539 0.019928 0.999798 164.644409 -0.016359 0.999667 -0.019967 -2.232049 -0.999863 -0.016407 -0.002212 -37.437725
0.008601 0.020882 0.999745 165.348495 -0.014366 0.999681 -0.020757 -2.257966 -0.999860 -0.014183 0.008898 -37.438248
0.022303 0.021179 0.999527 166.033813 -0.011706 0.999713 -0.020922 -2.286866 -0.999683 -0.011234 0.022545 -37.423473
0.037481 0.019584 0.999105 166.737457 -0.012011 0.999745 -0.019146 -2.309797 -0.999225 -0.011282 0.037706 -37.396606
0.053439 0.015741 0.998447 167.435455 -0.016671 0.999750 -0.014869 -2.345479 -0.998432 -0.015851 0.053688 -37.342144
0.069182 0.009872 0.997555 168.131638 -0.018749 0.999787 -0.008594 -2.365271 -0.997428 -0.018108 0.069353 -37.289200
0.086451 0.003415 0.996250 168.817917 -0.018557 0.999826 -0.001817 -2.380922 -0.996083 -0.018330 0.086499 -37.218754
0.104003 -0.003822 0.994570 169.494568 -0.018611 0.999810 0.005789 -2.399985 -0.994403 -0.019112 0.103912 -37.139065
0.121270 -0.009625 0.992573 170.171341 -0.018331 0.999761 0.011935 -2.410508 -0.992450 -0.019642 0.121064 -37.052940
0.138869 -0.013042 0.990225 170.836212 -0.013210 0.999800 0.015021 -2.417451 -0.990223 -0.015167 0.138669 -36.962139
0.156195 -0.013820 0.987630 171.494766 -0.014503 0.999762 0.016283 -2.432693 -0.987620 -0.016867 0.155958 -36.847584
0.173543 -0.014479 0.984720 172.134552 -0.014716 0.999742 0.017294 -2.442098 -0.984716 -0.017492 0.173285 -36.725563
0.189788 -0.014831 0.981713 172.775940 -0.018588 0.999652 0.018696 -2.440576 -0.981649 -0.021796 0.189447 -36.584602
0.204273 -0.016527 0.978774 173.405273 -0.025395 0.999431 0.022176 -2.440532 -0.978585 -0.029386 0.203737 -36.423428
0.216860 -0.020729 0.975983 174.062668 -0.020906 0.999447 0.025873 -2.439023 -0.975979 -0.026015 0.216306 -36.298355
0.227786 -0.022815 0.973444 174.683182 -0.016214 0.999498 0.027220 -2.448351 -0.973576 -0.021984 0.227302 -36.167839
0.237741 -0.020427 0.971114 175.276825 -0.019663 0.999473 0.025837 -2.473212 -0.971130 -0.025237 0.237214 -36.000023
0.246422 -0.014792 0.969050 175.867294 -0.021784 0.999546 0.020797 -2.487675 -0.968918 -0.026235 0.245988 -35.839466
0.255438 -0.005399 0.966810 176.431259 -0.022444 0.999682 0.011513 -2.494177 -0.966565 -0.024640 0.255236 -35.676224
0.263708 0.002310 0.964600 177.021225 -0.019237 0.999811 0.002864 -2.478287 -0.964411 -0.019311 0.263702 -35.529339
0.270822 0.002922 0.962625 177.610901 -0.019882 0.999799 0.002558 -2.457029 -0.962424 -0.019831 0.270825 -35.367413
0.276868 -0.001338 0.960907 178.232056 -0.026937 0.999595 0.009154 -2.449586 -0.960530 -0.028418 0.276720 -35.167488
0.281962 -0.010323 0.959370 178.874161 -0.032607 0.999261 0.020336 -2.451960 -0.958871 -0.037016 0.281417 -34.968300
0.284895 -0.019463 0.958361 179.496780 -0.032564 0.999020 0.029970 -2.466858 -0.958005 -0.039746 0.283982 -34.788925
0.285152 -0.023430 0.958196 180.110062 -0.026178 0.999138 0.032221 -2.495575 -0.958125 -0.034272 0.284293 -34.621193
0.286334 -0.021923 0.957879 180.708389 -0.020877 0.999358 0.029112 -2.492160 -0.957902 -0.028334 0.285692 -34.452141
0.287705 -0.021754 0.957472 181.316025 -0.017460 0.999457 0.027954 -2.477684 -0.957560 -0.024760 0.287169 -34.270779
0.289393 -0.022850 0.956937 181.927353 -0.019140 0.999377 0.029651 -2.457848 -0.957019 -0.026896 0.288776 -34.089439
0.291808 -0.026064 0.956122 182.557816 -0.019946 0.999245 0.033327 -2.450986 -0.956269 -0.028796 0.291068 -33.884529
0.295064 -0.030982 0.954975 183.191528 -0.019194 0.999080 0.038344 -2.439123 -0.955285 -0.029644 0.294198 -33.690445
0.298956 -0.034879 0.953629 183.832428 -0.017461 0.998965 0.042011 -2.444607 -0.954107 -0.029210 0.298037 -33.486050
0.304658 -0.037028 0.951742 184.467224 -0.015653 0.998914 0.043874 -2.428086 -0.952333 -0.028265 0.303748 -33.296677
0.312341 -0.039590 0.949145 185.096878 -0.014326 0.998821 0.046376 -2.414679 -0.949862 -0.028083 0.311406 -33.081856
0.321478 -0.042309 0.945971 185.733932 -0.010871 0.998771 0.048365 -2.408870 -0.946855 -0.025832 0.320623 -32.874569
0.332411 -0.041277 0.942231 186.352188 -0.011678 0.998785 0.047875 -2.412054 -0.943062 -0.026917 0.331525 -32.645420
0.343798 -0.038015 0.938274 186.957092 -0.011478 0.998935 0.044679 -2.400030 -0.938974 -0.026130 0.342995 -32.418880
0.355380 -0.034362 0.934090 187.568359 -0.011982 0.999074 0.041312 -2.380530 -0.934645 -0.025874 0.354640 -32.175434
0.366864 -0.032819 0.929696 188.183762 -0.011185 0.999150 0.039684 -2.346620 -0.930207 -0.024957 0.366185 -31.931049
0.378383 -0.034848 0.924993 188.825302 -0.011614 0.999034 0.042388 -2.331093 -0.925576 -0.026782 0.377613 -31.668356
0.389538 -0.036437 0.920289 189.456619 -0.011638 0.998943 0.044477 -2.317154 -0.920937 -0.028036 0.388702 -31.393850
0.400714 -0.036381 0.915481 190.083252 -0.014244 0.998843 0.045929 -2.307454 -0.916093 -0.031445 0.399732 -31.109015
0.410704 -0.037079 0.911015 190.707352 -0.017440 0.998671 0.048509 -2.285138 -0.911602 -0.035811 0.409511 -30.815226
0.417898 -0.036429 0.907763 191.329849 -0.020970 0.998543 0.049726 -2.270929 -0.908252 -0.039817 0.416525 -30.515312
0.422575 -0.038130 0.905525 191.960709 -0.020864 0.998441 0.051779 -2.237651 -0.906088 -0.040773 0.421121 -30.234995
0.424838 -0.042202 0.904285 192.598526 -0.017518 0.998343 0.054821 -2.216565 -0.905100 -0.039131 0.423395 -29.950994
0.425414 -0.042393 0.904006 193.237030 -0.012836 0.998519 0.052866 -2.196454 -0.904908 -0.034094 0.424239 -29.665836
0.424509 -0.041456 0.904474 193.895279 -0.012246 0.998597 0.051518 -2.173265 -0.905341 -0.032946 0.423405 -29.356581
0.423580 -0.041227 0.904920 194.556717 -0.008475 0.998740 0.049468 -2.145204 -0.905819 -0.028623 0.422697 -29.062887
