%YAML:1.0


# cam0:
#   T_cam_imu:
#     - [  -0.999955,        -0.00442284 ,      0.00839241    , 0.0106995217502117 ]
#     - [   0.00445396,      -0.999983 ,        0.00369317    ,  -4.76573259220459e-05]
#     - [   0.00837594,       0.00373039 ,      0.999958      , -8.9622539235279e-05]
#     - [0.0, 0.0, 0.0, 1.0]
#   cam_overlaps: [1]
#   camera_model: pinhole
#   distortion_coeffs: [-0.0123622203245759,    0.0516598783433437,    -0.0478819496929646,    0.00937241967767477]
#   distortion_model: equidistant
#   intrinsics: [285.521087646484, 285.586303710938, 427.286010742188, 388.918914794922]
#   resolution: [848, 800]
#   rostopic: /camera/fisheye1/image_raw
#   timeshift_cam_imu: 0.004618603727452336

# cam1:
#   T_cam_imu:
#     - [  0.999965,        -0.00769105,       0.00323376    , -0.0532408095896244 ]
#     - [  0.00769622,      -0.999969,         0.00159108    ,  0.000161742093041539]
#     - [  0.00322142,       0.00161591,       0.999994           , 0.000139880998176523]
#     - [0.0, 0.0, 0.0, 1.0]
#   T_cn_cnm1:
#     - [ 0.999981 ,        0.00325042  ,     0.00514936 , 0.0639403089880943]
#     - [-0.0032614 ,       0.999992 ,        0.002125, 7.42577394703403e-05]
#     - [  -0.00514241 ,     -0.00214176  ,     0.999985      , -0.000306346453726292 ]
#     - [0.0, 0.0, 0.0, 1.0]
#   cam_overlaps: [0]
#   camera_model: pinhole
#   distortion_coeffs: [-0.0105071403086185,    0.0482190288603306,    -0.0452298112213612 ,   0.00858183670789003 ]
#   distortion_model: equidistant
#   intrinsics: [285.348602294922, 285.402313232422, 430.209594726562, 391.652191162109]
#   resolution: [848, 800]
#   rostopic: /camera/fisheye2/image_raw
#   timeshift_cam_imu: 0.005583860066266795


# T_cam_imu => IMU extrinsics: transformation from IMU to camera coordinates (T_c_i) 

# camx/T_cam_imu: takes a vector from the IMU frame to the camx frame. 
# cam1/T_cn_cnm1: takes a vector from the cam0 frame to the cam1 frame.
cam0:
  T_imu_cam:
    - [ -0.999955,     -0.00442284,      0.00839241, 0.0106995217502117]
    - [   0.00445396,   -0.999983,        0.00369317, -4.76573259220459e-05]
    - [  0.00837594,    0.00373039,       0.999958, -8.9622539235279e-05]
    - [  0, 0, 0, 1]

  T_cam_imu:
    - [ -0.999955,        0.00445396,       0.00837594 ,   0.0107000041753054]
    - [ -0.00442284 ,     -0.999983 ,        0.00373039 ,   3.63797880709171e-12]
    - [ 0.00839241 ,      0.00369317,       0.999958,   -4.36557456851006e-11  ]
    - [ 0,                   0,                   0,   1.000000000000000]
  camera_model: KANNALA_BRANDT
  distortion_coeffs: [-0.0123622203245759, 0.0516598783433437, -0.0478819496929646, 0.00937241967767477]
  distortion_model: radtan
  intrinsics: [285.521087646484, 285.586303710938, 427.286010742188, 388.918914794922] # [fx,fy,cx,cy]
  resolution: [848, 800] #the camera resolution is 848 pixels (width) x 800 pixels (height).
  rostopic: /camera/fisheye1/image_raw
  timeshift_cam_imu: 0.0
cam1:
  T_imu_cam: 
    - [ -0.999965,        -0.00769105,       0.00323376,  -0.0532408095896244]
    - [         0.00769622 ,     -0.999969 ,        0.00159108,  0.000161742093041539]
    - [        0.00322142 ,      0.00161591 ,      0.999994, 0.000139880998176523]
    - [       0, 0, 0, 1]
  T_cam_imu:
    - [ -0.999965 ,        0.00769622 ,      0.00322142  ,  -0.0532406494021416 ]
    - [ -0.00769105 ,     -0.999969  ,       0.00161591,    -0.00024796649813652]
    - [ 0.00323376 ,      0.00159108,       0.999994  , 3.20302970067132e-05]
    - [  0,                   0,                   0,   1.000000000000000]

#   T_cn_cnm1 => camera extrinsic transformation, always with respect to the last camera in the chain
# (e.g. cam1: T_cn_cnm1 = T_c1_c0, takes cam0 to cam1 coordinates)
  T_cn_cnm1:
    - [0.999981,        -0.0032614,       -0.00514241 , -0.0639404505491257]
    - [ 0.00325042,       0.999992,        -0.00214176 ,   -0.000282746041193604 ]
    - [ 0.00514936,       0.002125 ,        0.999985 ,  -2.30678560910746e-05 ]
    - [  0,                   0,                   0,   1.000000000000000]
  camera_model: KANNALA_BRANDT
  distortion_coeffs: [-0.0105071403086185, 0.0482190288603306, -0.0452298112213612, 0.00858183670789003]
  distortion_model: radtan
  intrinsics: [285.348602294922, 285.402313232422, 430.209594726562, 391.652191162109]
  resolution: [848, 800]
  rostopic: /camera/fisheye2/image_raw
  timeshift_cam_imu: 0.0