image_width: 640
image_height: 480
camera_name: narrow_stereo
camera_matrix:
  rows: 3
  cols: 3
  data: [198.97013,   0.     , 311.89972,
           0.     , 198.84014, 247.02021,
           0.     ,   0.     ,   1.     ]
distortion_model: plumb_bob
distortion_coefficients:
  rows: 1
  cols: 5
  data: [0.014532, -0.002500, 0.000576, 0.001143, 0.000000]
rectification_matrix:
  rows: 3
  cols: 3
  data: [1., 0., 0.,
         0., 1., 0.,
         0., 0., 1.]
projection_matrix:
  rows: 3
  cols: 4
  data: [203.04343,   0.     , 313.2194 ,   0.     ,
           0.     , 203.13643, 247.14553,   0.     ,
           0.     ,   0.     ,   1.     ,   0.     ]
