-0.176927 0.802826 0.569357 3.31713 -0.0609152 0.568442 -0.820465 3.34832 -0.982337 -0.179845 -0.0516682 18.8522
-0.166019 0.712095 0.682171 2.79363 -0.0856804 0.678739 -0.729364 3.78983 -0.982393 -0.179537 -0.0516708 18.8532
-0.151573 0.605184 0.781523 2.20713 -0.108878 0.775625 -0.621733 4.15496 -0.982431 -0.179328 -0.0516726 18.8539
-0.1342 0.48616 0.863504 1.58119 -0.129799 0.855255 -0.501688 4.43253 -0.982417 -0.179409 -0.0516719 18.8537
-0.113513 0.354643 0.928086 0.908733 -0.148018 0.917662 -0.368764 4.61461 -0.982449 -0.179233 -0.0516734 18.8542
-0.0905561 0.216057 0.972172 0.221429 -0.163111 0.959783 -0.228497 4.69852 -0.982443 -0.179263 -0.0516731 18.8541
-0.0637075 0.0619548 0.996044 -0.522251 -0.175568 0.981809 -0.0722988 4.67821 -0.982404 -0.17948 -0.0516713 18.8534
-0.0349434 -0.0951286 0.994851 -1.26036 -0.183502 0.979146 0.0871814 4.53593 -0.982398 -0.179511 -0.051671 18.8533
-0.00525061 -0.249748 0.968297 -1.96692 -0.186883 0.951495 0.244401 4.28016 -0.982368 -0.179675 -0.0516696 18.8528
0.024688 -0.398327 0.916911 -2.6255 -0.18546 0.899444 0.395733 3.91377 -0.982342 -0.17982 -0.0516684 18.8523
0.0538994 -0.535702 0.842685 -3.2147 -0.17945 0.824976 0.535922 3.45261 -0.982289 -0.180105 -0.051666 18.8514
0.0791992 -0.648404 0.757166 -3.67863 -0.170022 0.739636 0.651176 2.95865 -0.982253 -0.180307 -0.0516643 18.8507
0.105247 -0.757524 0.644268 -4.10271 -0.155367 0.627384 0.763053 2.3386 -0.982234 -0.180407 -0.0516634 18.8504
0.128596 -0.847949 0.514242 -4.42174 -0.136525 0.498473 0.856087 1.65301 -0.982255 -0.180296 -0.0516644 18.8507
0.148644 -0.917009 0.370134 -4.62642 -0.114032 0.355901 0.92754 0.920448 -0.982294 -0.180081 -0.0516662 18.8514
0.164813 -0.962242 0.216626 -4.71097 -0.0886848 0.204282 0.974887 0.166121 -0.98233 -0.179885 -0.0516679 18.8521
0.175856 -0.981592 0.0745148 -4.68647 -0.0641225 0.0641117 0.995881 -0.511473 -0.982325 -0.179909 -0.0516677 18.852
0.184062 -0.979049 -0.0870866 -4.54536 -0.0349015 -0.0950545 0.99486 -1.26096 -0.982295 -0.180077 -0.0516662 18.8515
0.187334 -0.95166 -0.243412 -4.28969 -0.00531819 -0.248778 0.968546 -1.96463 -0.982282 -0.180147 -0.0516656 18.8512
0.185917 -0.899779 -0.394756 -3.92366 0.0246847 -0.397356 0.917332 -2.62458 -0.982255 -0.180292 -0.0516644 18.8507
0.179725 -0.825285 -0.535353 -3.45872 0.0539361 -0.535129 0.843047 -3.215 -0.982237 -0.180392 -0.0516636 18.8504
0.168833 -0.728714 -0.66368 -2.89955 0.0821562 -0.660599 0.74623 -3.72966 -0.982215 -0.180514 -0.0516625 18.85
0.153601 -0.614208 -0.774051 -2.26869 0.108004 -0.768219 0.631011 -4.14397 -0.982213 -0.180524 -0.0516624 18.85
0.134338 -0.483415 -0.865022 -1.57646 0.131168 -0.856579 0.499067 -4.45326 -0.982216 -0.180507 -0.0516626 18.85
0.111831 -0.341461 -0.933219 -0.850204 0.150796 -0.922403 0.355574 -4.64665 -0.982219 -0.18049 -0.0516627 18.8501
0.0861724 -0.188841 -0.978219 -0.0929958 0.166896 -0.965261 0.201042 -4.72442 -0.982202 -0.180585 -0.0516619 18.8498
0.058712 -0.0338083 -0.997702 0.655026 0.178937 -0.982884 0.0438361 -4.6882 -0.982107 -0.181099 -0.0516575 18.8481
0.0290908 0.124606 -0.99178 1.40168 0.186796 -0.975398 -0.117069 -4.53439 -0.981968 -0.181855 -0.0516511 18.8456
-0.00119146 0.278141 -0.960539 2.10842 0.189719 -0.943032 -0.273307 -4.26488 -0.981838 -0.182558 -0.051645 18.8432
-0.0311676 0.423041 -0.905574 2.75554 0.187458 -0.887463 -0.421033 -3.8848 -0.981778 -0.182879 -0.0516422 18.8421
-0.0578518 0.545591 -0.836052 3.28605 0.181361 -0.817776 -0.546214 -3.45553 -0.981713 -0.183227 -0.0516392 18.841
-0.0861152 0.668849 -0.738394 3.79641 0.169959 -0.72042 -0.67239 -2.89017 -0.981681 -0.1834 -0.0516377 18.8404
-0.111744 0.774085 -0.623142 4.2031 0.154185 -0.60597 -0.780402 -2.25428 -0.981703 -0.183284 -0.0516387 18.8408
-0.134037 0.85876 -0.494536 4.49739 0.134835 -0.478594 -0.867621 -1.57254 -0.981761 -0.182974 -0.0516414 18.8418
-0.152245 0.920477 -0.359921 4.67529 0.113255 -0.34552 -0.931552 -0.88361 -0.981832 -0.182587 -0.0516448 18.8431
-0.166849 0.961322 -0.219137 4.74801 0.089576 -0.206554 -0.974326 -0.185778 -0.981905 -0.182194 -0.0516481 18.8444
-0.178123 0.981464 -0.0707103 4.71795 0.0635576 -0.0602341 -0.996159 0.527774 -0.981953 -0.181933 -0.0516504 18.8453
-0.185671 0.979175 0.082118 4.58111 0.0356406 0.0902271 -0.995283 1.24138 -0.981965 -0.181869 -0.0516509 18.8455
-0.188888 0.955395 0.227027 4.34982 0.00805842 0.232689 -0.972518 1.89904 -0.981966 -0.181867 -0.051651 18.8455
-0.187743 0.91024 0.369075 4.01516 -0.0200083 0.372135 -0.927963 2.52286 -0.982014 -0.181603 -0.0516532 18.8464
-0.182846 0.845426 0.50182 3.60115 -0.047524 0.502227 -0.863429 3.08815 -0.981992 -0.181723 -0.0516522 18.846
-0.201043 0.775899 0.597965 3.63106 -0.0876543 0.593731 -0.799875 3.805 -0.975653 -0.213224 -0.0513546 18.7324
-0.292855 0.754602 0.587206 5.17221 -0.154695 0.568648 -0.807904 4.91535 -0.94356 -0.327436 -0.0497984 18.1689
-0.383368 0.726568 0.5702 6.70706 -0.214454 0.53047 -0.820129 5.89996 -0.898353 -0.436693 -0.0475497 17.388
-0.468849 0.680307 0.56335 8.12641 -0.274788 0.493803 -0.825015 6.89594 -0.839448 -0.541609 -0.0445784 16.3799
-0.548821 0.625018 0.555112 9.45616 -0.328816 0.449119 -0.830766 7.78446 -0.768555 -0.638471 -0.0409702 15.174
-0.621163 0.5589 0.549352 10.6504 -0.378565 0.399783 -0.834782 8.60088 -0.686181 -0.726501 -0.0367507 13.779
-0.679722 0.556714 0.477543 11.8047 -0.344075 0.33297 -0.87792 7.98903 -0.647758 -0.761052 -0.0347754 13.13
-0.716668 0.59398 0.365479 12.6954 -0.257342 0.261842 -0.930169 6.46746 -0.648199 -0.760675 -0.0347981 13.1374
-0.742305 0.621601 0.250192 13.381 -0.16861 0.188092 -0.96757 4.88168 -0.648502 -0.760417 -0.0348137 13.1425
-0.75749 0.640936 0.124138 13.8913 -0.0720335 0.106934 -0.991653 3.12566 -0.648861 -0.760109 -0.0348322 13.1486
-0.760334 0.649532 3.13347e-05 14.1681 0.0226101 0.0265153 -0.999393 1.37607 -0.649139 -0.759871 -0.0348465 13.1533
-0.751792 0.648211 -0.120963 14.227 0.114487 -0.0523446 -0.992045 -0.349217 -0.649386 -0.75966 -0.0348592 13.1575
-0.730918 0.636708 -0.245686 14.0631 0.208768 -0.134141 -0.968722 -2.14823 -0.649749 -0.759348 -0.0348779 13.1636
-0.697018 0.613965 -0.370422 13.6563 0.302599 -0.21648 -0.928208 -3.96992 -0.650076 -0.759067 -0.0348947 13.1691
-0.655231 0.583799 -0.479428 13.0743 0.38414 -0.288975 -0.876887 -5.58222 -0.650468 -0.758731 -0.0349149 13.1757
-0.601676 0.543074 -0.58571 12.2677 0.46326 -0.360092 -0.809768 -7.17779 -0.650673 -0.758554 -0.0349254 13.1792
-0.536897 0.492307 -0.68511 11.2393 0.536791 -0.427143 -0.727602 -8.69629 -0.650843 -0.758408 -0.0349341 13.1821
-0.46019 0.430807 -0.776293 9.97378 0.603724 -0.489253 -0.629404 -10.1206 -0.650955 -0.758312 -0.0349399 13.184
-0.372638 0.359352 -0.855574 8.48457 0.661311 -0.543963 -0.5165 -11.3972 -0.651006 -0.758268 -0.0349425 13.1848
-0.289621 0.290691 -0.911931 7.03862 0.701631 -0.583569 -0.408853 -12.3424 -0.651024 -0.758252 -0.0349435 13.1851
-0.200677 0.216404 -0.955457 5.45915 0.731936 -0.615134 -0.293053 -13.1157 -0.651152 -0.758142 -0.03495 13.1873
-0.100521 0.131746 -0.986174 3.64749 0.752388 -0.638492 -0.16199 -13.7324 -0.651005 -0.758269 -0.0349425 13.1848
0.00202646 0.0442791 -0.999017 1.75918 0.759202 -0.650283 -0.0272823 -14.1014 -0.650852 -0.758401 -0.0349346 13.1822
0.0945408 -0.0352924 -0.994895 0.0274436 0.753412 -0.650697 0.0946762 -14.2126 -0.650716 -0.758517 -0.0349276 13.1799
0.184789 -0.11351 -0.976201 -1.68818 0.73668 -0.641475 0.214038 -14.115 -0.650504 -0.7587 -0.0349167 13.1763
0.274512 -0.191787 -0.942264 -3.4212 0.708537 -0.622136 0.333049 -13.8038 -0.650091 -0.759055 -0.0348954 13.1694
0.361707 -0.268543 -0.892778 -5.13499 0.66851 -0.59276 0.449144 -13.2661 -0.649818 -0.759289 -0.0348814 13.1648
0.440943 -0.339029 -0.831041 -6.72248 0.619306 -0.555253 0.555117 -12.5394 -0.649638 -0.759443 -0.0348722 13.1617
0.514563 -0.40521 -0.755665 -8.22968 0.559912 -0.508669 0.654029 -11.6101 -0.649402 -0.759645 -0.03486 13.1577
0.580498 -0.465316 -0.668209 -9.61535 0.491512 -0.454019 0.743157 -10.4955 -0.649182 -0.759834 -0.0348487 13.154
0.63597 -0.516812 -0.573103 -10.8198 0.41755 -0.394097 0.818742 -9.25298 -0.648995 -0.759995 -0.034839 13.1509
0.683336 -0.561672 -0.466451 -11.8936 0.335069 -0.326372 0.883861 -7.83284 -0.648676 -0.760267 -0.0348227 13.1455
0.719812 -0.59789 -0.352702 -12.7777 0.247351 -0.253827 0.935088 -6.29048 -0.648605 -0.760328 -0.034819 13.1443
0.744968 -0.624772 -0.233842 -13.4602 0.156046 -0.177607 0.971651 -4.65497 -0.648593 -0.760339 -0.0348184 13.1441
0.758502 -0.642039 -0.11163 -13.9323 0.0625122 -0.0988229 0.99314 -2.95086 -0.648666 -0.760277 -0.0348221 13.1453
0.760271 -0.649474 0.0130673 -14.1897 -0.0325535 -0.0180012 0.999308 -1.19061 -0.64879 -0.76017 -0.0348285 13.1474
0.750276 -0.646611 0.13777 -14.2277 -0.127252 0.0632503 0.989852 0.59091 -0.648763 -0.760193 -0.0348271 13.1469
0.72909 -0.634193 0.257347 -14.0482 -0.2177 0.141589 0.965691 2.31974 -0.648872 -0.7601 -0.0348327 13.1488
0.695958 -0.611543 0.376373 -13.6451 -0.307351 0.220014 0.925813 4.06204 -0.648982 -0.760006 -0.0348384 13.1506
0.653044 -0.580208 0.486716 -13.0442 -0.390058 0.293193 0.872865 5.69854 -0.649145 -0.759866 -0.0348468 13.1534
0.600584 -0.540203 0.589473 -12.2516 -0.466713 0.361763 0.807036 7.2454 -0.649213 -0.759808 -0.0348503 13.1545
0.538338 -0.491528 0.684538 -11.2629 -0.537182 0.425725 0.728144 8.70059 -0.649328 -0.759709 -0.0348562 13.1565
0.469003 -0.436145 0.767993 -10.121 -0.598627 0.482363 0.639509 10.0051 -0.64937 -0.759673 -0.0348584 13.1572
0.391447 -0.37323 0.841111 -8.80728 -0.651962 0.532568 0.539738 11.1784 -0.649395 -0.759652 -0.0348597 13.1576
0.309995 -0.306429 0.900003 -7.3955 -0.694253 0.573788 0.434488 12.1561 -0.64955 -0.759519 -0.0348676 13.1602
0.211059 -0.224202 0.951413 -5.64431 -0.730401 0.61067 0.305936 13.061 -0.649591 -0.759484 -0.0348697 13.1609
0.110701 -0.139854 0.983964 -3.83265 -0.752194 0.6353 0.174923 13.7027 -0.649577 -0.759496 -0.034869 13.1607
0.0122701 -0.0563305 0.998337 -2.02421 -0.760186 0.648081 0.0459106 14.0837 -0.649589 -0.759485 -0.0348696 13.1609
-0.0827568 0.0250289 0.996255 -0.249631 -0.755927 0.649858 -0.0791196 14.2288 -0.649404 -0.759644 -0.0348601 13.1578
-0.183742 0.112209 0.976549 1.66759 -0.738068 0.640404 -0.212456 14.1355 -0.649226 -0.759797 -0.0348509 13.1548
-0.274327 0.190945 0.942488 3.41657 -0.709811 0.62102 -0.332419 13.8238 -0.648778 -0.760181 -0.0348279 13.1472
-0.36298 0.268477 0.892281 5.15824 -0.669408 0.590991 -0.450137 13.2816 -0.648181 -0.760691 -0.0347972 13.1371
-0.446088 0.341654 0.827211 6.82298 -0.61785 0.551133 -0.560815 12.5189 -0.647508 -0.761265 -0.0347626 13.1258
-0.522007 0.409023 0.748471 8.378 -0.556049 0.502219 -0.662258 11.5488 -0.646775 -0.76189 -0.0347248 13.1134
-0.589001 0.468406 0.658539 9.78583 -0.48621 0.445505 -0.751748 10.4071 -0.645506 -0.762969 -0.0346595 13.092
-0.645353 0.518477 0.560982 11.0084 -0.41078 0.38361 -0.827105 9.13598 -0.644033 -0.764215 -0.0345837 13.0671
