-0.176927 0.802826 0.569357 3.31713 -0.0609152 0.568442 -0.820465 3.34832 -0.982337 -0.179845 -0.0516682 18.8522
-0.166019 0.712096 0.68217 2.79364 -0.0856802 0.678738 -0.729365 3.78985 -0.982393 -0.179537 -0.0516708 18.8532
-0.151577 0.60519 0.781518 2.20691 -0.108878 0.775619 -0.621739 4.15494 -0.982431 -0.179332 -0.0516744 18.8539
-0.13421 0.486171 0.863496 1.58077 -0.129801 0.855247 -0.501701 4.43249 -0.982415 -0.179416 -0.0516767 18.8536
-0.113528 0.35466 0.928077 0.908102 -0.148021 0.917654 -0.368784 4.61457 -0.982446 -0.179242 -0.0516824 18.8542
-0.090577 0.216075 0.972166 0.220386 -0.163116 0.959777 -0.228519 4.69859 -0.98244 -0.179274 -0.0516884 18.8541
-0.0637339 0.0619725 0.996041 -0.523701 -0.175575 0.981806 -0.0723214 4.67839 -0.982401 -0.179489 -0.0516935 18.8534
-0.0349586 -0.0951246 0.994851 -1.26143 -0.183505 0.979146 0.0871746 4.53661 -0.982397 -0.179513 -0.0516854 18.8533
-0.00526726 -0.249752 0.968296 -1.96826 -0.186887 0.951494 0.244401 4.28101 -0.982367 -0.179674 -0.051687 18.8528
0.0246517 -0.398328 0.916912 -2.62796 -0.185471 0.899445 0.395727 3.9144 -0.98234 -0.179816 -0.0517055 18.8523
0.0538545 -0.535709 0.842683 -3.21778 -0.179464 0.824974 0.53592 3.45324 -0.982289 -0.180093 -0.0517118 18.8514
0.0791507 -0.64842 0.757157 -3.68211 -0.170036 0.739627 0.651183 2.9594 -0.982254 -0.180286 -0.0517131 18.8507
0.105195 -0.757549 0.644246 -4.10659 -0.155381 0.627363 0.763068 2.33944 -0.982238 -0.180375 -0.0517132 18.8504
0.12854 -0.847982 0.514203 -4.42601 -0.136538 0.498434 0.856108 1.65393 -0.98226 -0.180252 -0.0517128 18.8508
0.148584 -0.917044 0.370072 -4.63108 -0.114043 0.355839 0.927563 0.921438 -0.982302 -0.180025 -0.0517107 18.8515
0.164747 -0.962274 0.216535 -4.71601 -0.0886921 0.204193 0.974905 0.167189 -0.98234 -0.179818 -0.0517059 18.8522
0.175784 -0.981614 0.0743937 -4.69187 -0.0641257 0.0639921 0.995888 -0.51033 -0.982338 -0.179832 -0.0516979 18.8521
0.183983 -0.97905 -0.0872394 -4.55111 -0.0349 -0.0952052 0.994846 -1.25974 -0.98231 -0.17999 -0.0516849 18.8515
0.187244 -0.951631 -0.243595 -4.29576 -0.00531171 -0.248958 0.9685 -1.9633 -0.982299 -0.180052 -0.0516707 18.8513
0.185815 -0.899709 -0.394963 -3.93003 0.0246957 -0.39756 0.917244 -2.62314 -0.982274 -0.180192 -0.0516538 18.8508
0.179609 -0.825165 -0.535578 -3.46537 0.0539506 -0.53535 0.842906 -3.21342 -0.982257 -0.180289 -0.0516357 18.8504
0.168699 -0.728531 -0.663915 -2.90651 0.0821745 -0.660829 0.746024 -3.72787 -0.982236 -0.180411 -0.0516149 18.8499
0.15345 -0.613963 -0.774276 -2.27591 0.10802 -0.768438 0.630742 -4.14196 -0.982235 -0.180425 -0.0515967 18.8498
0.134168 -0.483103 -0.865223 -1.58398 0.131181 -0.856774 0.498727 -4.45098 -0.982237 -0.180415 -0.0515778 18.8498
0.111642 -0.341082 -0.933381 -0.858054 0.150804 -0.92256 0.355165 -4.64405 -0.982239 -0.180408 -0.0515597 18.8498
0.0859553 -0.188379 -0.978328 -0.101311 0.1669 -0.965363 0.200546 -4.72132 -0.98222 -0.180521 -0.0515376 18.8494
0.0584742 -0.0332898 -0.997734 0.646252 0.178928 -0.98291 0.0432816 -4.68466 -0.982123 -0.181054 -0.0515184 18.8475
0.0288338 0.125166 -0.991717 1.39238 0.186771 -0.975331 -0.117668 -4.53038 -0.98198 -0.181832 -0.0515 18.8449
-0.00146464 0.278724 -0.96037 2.0985 0.189674 -0.94286 -0.273932 -4.26039 -0.981846 -0.182559 -0.0514859 18.8424
-0.0314533 0.423626 -0.905291 2.74492 0.187391 -0.887179 -0.421662 -3.87983 -0.981782 -0.182906 -0.0514792 18.8412
-0.0581127 0.546114 -0.835693 3.27575 0.181276 -0.817419 -0.546777 -3.4502 -0.981714 -0.183266 -0.0514947 18.8401
-0.0864136 0.669375 -0.737882 3.78417 0.169845 -0.719912 -0.672963 -2.88435 -0.981675 -0.183479 -0.0514796 18.8392
-0.112041 0.774543 -0.622519 4.18991 0.154046 -0.605352 -0.780909 -2.2481 -0.981691 -0.183391 -0.0514906 18.8395
-0.134328 0.859129 -0.493815 4.4832 0.134672 -0.477881 -0.86804 -1.56608 -0.981743 -0.183105 -0.0515079 18.8405
-0.152527 0.920744 -0.359119 4.66005 0.113071 -0.344727 -0.931868 -0.876975 -0.98181 -0.182741 -0.0515295 18.8417
-0.167118 0.961472 -0.218272 4.73169 0.0893745 -0.205701 -0.974525 -0.179066 -0.981878 -0.182368 -0.0515548 18.8429
-0.178376 0.981483 -0.0698032 4.70052 0.0633407 -0.0593401 -0.996226 0.534473 -0.981922 -0.182124 -0.051583 18.8438
-0.185904 0.979052 0.083044 4.56257 0.0354121 0.0911385 -0.995208 1.24796 -0.98193 -0.182073 -0.0516133 18.844
-0.1891 0.955134 0.227948 4.33019 0.00782275 0.233594 -0.972303 1.90543 -0.981927 -0.182079 -0.0516444 18.844
-0.187933 0.909838 0.369966 3.99447 -0.0202464 0.373009 -0.927607 2.52894 -0.981973 -0.181819 -0.05168 18.8449
-0.183015 0.844891 0.502658 3.57945 -0.0477603 0.503049 -0.862937 3.09382 -0.981949 -0.181937 -0.0517131 18.8445
-0.201175 0.775262 0.598747 3.60818 -0.0879105 0.594488 -0.799285 3.81069 -0.975602 -0.213432 -0.0514427 18.7309
-0.292915 0.753961 0.587999 5.14764 -0.155042 0.56938 -0.807322 4.92254 -0.943484 -0.327641 -0.0498845 18.1669
-0.383358 0.725939 0.571007 6.68109 -0.214889 0.531169 -0.819562 5.90854 -0.898254 -0.436889 -0.0476314 17.3856
-0.468765 0.67969 0.564164 8.0992 -0.275306 0.494451 -0.824454 6.9059 -0.839325 -0.541793 -0.0446585 16.3771
-0.548666 0.624422 0.555933 9.42777 -0.32941 0.449706 -0.830213 7.7957 -0.76841 -0.63864 -0.0410479 15.1709
-0.62094 0.558333 0.55018 10.6209 -0.379228 0.4003 -0.834234 8.61323 -0.686018 -0.726652 -0.0368267 13.7756
-0.679524 0.556198 0.478425 11.7752 -0.344796 0.333497 -0.877437 8.00192 -0.647582 -0.761199 -0.034844 13.1272
-0.716561 0.593519 0.366436 12.667 -0.258103 0.262438 -0.92979 6.48067 -0.648015 -0.760829 -0.0348639 13.1353
-0.742296 0.621196 0.251222 13.3537 -0.169401 0.188767 -0.9673 4.89503 -0.648306 -0.76058 -0.0348895 13.1411
-0.757597 0.640595 0.12524 13.8655 -0.072844 0.107697 -0.991511 3.13898 -0.648646 -0.760289 -0.0349276 13.1479
-0.760565 0.649261 0.00119568 14.1438 0.0217969 0.027374 -0.999388 1.38912 -0.648896 -0.760073 -0.0349715 13.1532
-0.752155 0.648015 -0.119747 14.2044 0.113689 -0.0513874 -0.992187 -0.336699 -0.649105 -0.759892 -0.0350209 13.158
-0.731429 0.636603 -0.244435 14.0423 0.208009 -0.133084 -0.969031 -2.13651 -0.649418 -0.759622 -0.0350777 13.1647
-0.697687 0.613967 -0.369157 13.6375 0.301905 -0.215325 -0.928703 -3.95933 -0.649682 -0.759394 -0.0351306 13.1706
-0.656051 0.583909 -0.47817 13.0573 0.383535 -0.287725 -0.877562 -5.57302 -0.649998 -0.759121 -0.0351875 13.1776
-0.602653 0.543307 -0.584488 12.2526 0.462776 -0.358756 -0.810637 -7.17036 -0.650113 -0.75902 -0.035224 13.1814
-0.538029 0.492674 -0.683957 11.2262 0.536462 -0.425732 -0.72867 -8.69104 -0.65018 -0.758963 -0.0352442 13.1845
-0.461468 0.431318 -0.77525 9.96258 0.603588 -0.487786 -0.630671 -10.118 -0.650176 -0.758966 -0.0352403 13.1866
-0.374046 0.360009 -0.854683 8.47513 0.661407 -0.542461 -0.517954 -11.3976 -0.6501 -0.759032 -0.0352074 13.1877
-0.291124 0.291479 -0.911201 7.03044 0.701971 -0.582031 -0.410459 -12.346 -0.649988 -0.759131 -0.0351669 13.1883
-0.202247 0.217321 -0.954918 5.45199 0.732546 -0.613577 -0.294788 -13.1229 -0.649979 -0.759141 -0.0351033 13.1908
-0.102128 0.132787 -0.985869 3.6411 0.753305 -0.63694 -0.163826 -13.7435 -0.649694 -0.759391 -0.0349798 13.1888
0.000426257 0.0454279 -0.998968 1.7531 0.760442 -0.64875 -0.0291773 -14.1168 -0.649405 -0.759645 -0.0348218 13.1868
0.0929886 -0.0340529 -0.995085 0.0211811 0.754964 -0.649172 0.0927652 -14.232 -0.64914 -0.759879 -0.0346569 13.1855
0.183325 -0.112196 -0.976629 -1.69503 0.738541 -0.63996 0.212152 -14.1385 -0.648806 -0.760173 -0.0344594 13.1831
0.273178 -0.190415 -0.94293 -3.42908 0.710705 -0.620633 0.33123 -13.8313 -0.648284 -0.760629 -0.0342144 13.1776
0.360545 -0.26713 -0.893672 -5.14435 0.670973 -0.591267 0.447436 -13.2977 -0.647922 -0.76095 -0.0339409 13.1749
0.439994 -0.337607 -0.832122 -6.73362 0.622004 -0.553779 0.55357 -12.5744 -0.647701 -0.761151 -0.0336662 13.174
0.513848 -0.403755 -0.756929 -8.24316 0.562888 -0.507159 0.652646 -11.6492 -0.647393 -0.761427 -0.0333339 13.173
0.580052 -0.463857 -0.669609 -9.63142 0.494698 -0.452481 0.741981 -10.5379 -0.647158 -0.761642 -0.0329933 13.1726
0.635808 -0.515352 -0.574596 -10.8386 0.420906 -0.392511 0.817786 -9.29835 -0.646982 -0.761806 -0.0326472 13.1734
0.683476 -0.560214 -0.467998 -11.9155 0.338556 -0.32472 0.88314 -7.88082 -0.646715 -0.762048 -0.0322743 13.1725
0.720258 -0.596431 -0.354257 -12.8028 0.250929 -0.252093 0.934603 -6.34068 -0.646732 -0.76205 -0.0319101 13.1765
0.745719 -0.623304 -0.235364 -13.4885 0.159674 -0.175773 0.971395 -4.70697 -0.646845 -0.761969 -0.0315519 13.1822
0.759547 -0.640548 -0.113078 -13.9637 0.066151 -0.0968743 0.993096 -3.00426 -0.64708 -0.761783 -0.0312076 13.1899
0.761594 -0.647948 0.011727 -14.2243 -0.0289393 -0.0159263 0.999454 -1.24504 -0.647408 -0.761518 -0.0308806 13.1991
0.751854 -0.645031 0.136567 -14.2652 -0.123693 0.0654605 0.990159 0.535797 -0.647623 -0.761348 -0.0305694 13.2064
0.730895 -0.632536 0.256302 -14.0884 -0.214222 0.143937 0.966122 2.26423 -0.647998 -0.761039 -0.0303002 13.2164
0.697963 -0.609792 0.375501 -13.6877 -0.303973 0.222499 0.926334 4.00635 -0.64842 -0.760689 -0.0300645 13.2271
0.655214 -0.578341 0.486021 -13.0889 -0.38679 0.295808 0.873436 5.64283 -0.648913 -0.760276 -0.0298787 13.239
0.602889 -0.538201 0.588952 -12.2981 -0.463561 0.364498 0.807621 7.18978 -0.649335 -0.759921 -0.0297373 13.2495
0.540748 -0.489377 0.68418 -11.3109 -0.534147 0.428565 0.72871 8.64509 -0.64983 -0.759501 -0.0296539 13.2613
0.471488 -0.433832 0.767782 -10.1703 -0.595701 0.48529 0.640026 9.94966 -0.65026 -0.759134 -0.0296259 13.2719
0.393984 -0.370747 0.841025 -8.8576 -0.649136 0.53556 0.540183 11.1231 -0.650691 -0.758763 -0.0296634 13.2825
0.312563 -0.303773 0.900015 -7.44661 -0.691511 0.576823 0.434842 12.1006 -0.651242 -0.758286 -0.0297693 13.2949
0.213642 -0.221378 0.951498 -5.69607 -0.727729 0.613725 0.306189 13.0053 -0.651742 -0.757848 -0.0299858 13.3066
0.113287 -0.13687 0.98409 -3.88492 -0.749571 0.638352 0.175073 13.6466 -0.652158 -0.757478 -0.0302773 13.3167
0.0148516 -0.0531993 0.998473 -2.07692 -0.757593 0.651107 0.0459601 14.027 -0.652558 -0.757119 -0.0306334 13.3265
-0.0801813 0.0282905 0.996379 -0.302748 -0.753346 0.652843 -0.0791602 14.1714 -0.652718 -0.756965 -0.0310333 13.332
-0.18117 0.115579 0.976637 1.61404 -0.735484 0.643334 -0.21257 14.0771 -0.652872 -0.756811 -0.0315462 13.3374
-0.271755 0.1944 0.942527 3.36254 -0.707213 0.623888 -0.332587 13.7645 -0.652686 -0.756949 -0.0320622 13.3368
-0.3604 0.271993 0.892262 5.10364 -0.666787 0.593795 -0.450336 13.2211 -0.652309 -0.75725 -0.0326424 13.333
-0.443493 0.345207 0.827131 6.76769 -0.615201 0.553878 -0.561024 12.4572 -0.651799 -0.757662 -0.0332691 13.3268
-0.51939 0.412589 0.748334 8.32192 -0.553371 0.504912 -0.662453 11.486 -0.651164 -0.758178 -0.0339317 13.3184
-0.586359 0.471966 0.658355 9.72888 -0.483506 0.448162 -0.751912 10.3431 -0.649927 -0.75921 -0.0345857 13.2997
-0.642683 0.522015 0.560766 10.9505 -0.408057 0.38625 -0.827224 9.07095 -0.648419 -0.760468 -0.0352246 13.2762
